129
9.414656888783435 55.50203754438565
54.031780005416344 47.81974863357161
56.188476596084115 92.86517870259053
87.93442593293574 80.76034619704697
33.28479928750323 97.61570964579617
80.83698834473961 17.002359947815414
8.606219439504393 17.427789359400535
50.66087897257824 42.64871656767103
49.35471125467106 44.54820576584445
15.321006682674632 50.37379028373078
65.86589589288799 33.22976044989636
91.46614688462084 29.52013609876132
2.1646189980513375 91.71225439852277
18.321356336113016 59.543956627486104
88.57567245507691 28.026170578384814
28.842828161759847 83.89797749752165
65.71627706154071 55.10718598169701
83.71369069707853 34.86186701987597
6.366660103618149 86.66869883578646
42.437962988957835 8.568369240152652
64.348924051409 72.5820886301198
50.319844547095116 24.475232169548722
96.59248777167555 26.210941194474202
63.122558046766486 93.96209676046008
84.28988343898095 4.494587464257515
48.94621859475239 5.283416380862294
98.92000836191315 37.85580922932428
44.921918561601274 69.12805271118609
11.031118359725555 4.862229011044262
88.08307793848749 34.01136722963231
50.174737015946114 95.12217265568836
8.039542954255408 8.752020699946028
14.951831533863446 8.559103010865176
47.26080382839844 98.07347114529709
9.36382485533036 21.51650230829738
78.61825497225064 89.08358791781802
94.03350770845249 98.30762734213063
86.34621222871509 23.748139109176236
19.595537653518647 79.64664071887078
78.8193257281101 17.689822191684502
8.700147390342948 49.02111924496392
32.83324794180004 53.11830853393554
59.96103331321293 53.414539879261945
89.91088315531356 78.93207272755475
34.89581473105242 52.100225019678334
37.77312578891714 58.726495353586614
47.92135113058896 1.9933201691428093
54.365376957689534 87.25892183703525
77.58816311905925 95.1584379697477
57.72898433215872 57.80436008316485
35.07558270766029 51.89839370705837
61.890300059291 17.409341037571945
85.40973710825259 21.47232425256619
80.4926294517719 55.02448514918665
7.604297163518947 22.81610372083286
53.48180573712153 75.58256188386274
37.18642862959703 89.73166878109357
49.331007066340796 77.91314590854952
98.89994166458015 65.43219706043473
17.35400866877378 16.89072037374072
91.71734481831267 27.386784037380174
91.1670209542414 96.871736111575
5.136002294198327 75.4969840118395
28.71556642040317 51.19193735641174
38.23174717065664 91.2298759575733
84.36394886501527 53.875617821686085
12.243783898484962 59.88414641467086
83.77736394921781 45.081200079197714
66.66132095204615 92.34287391631621
31.906525364701245 22.237439317200693
58.38008120231164 44.15862320461369
35.33696703580098 23.234217530236855
83.99529835199576 90.56404182343904
5.2015968027125155 0.2536008904267084
65.40199705928987 70.2610189876162
69.92524539820297 8.468605951794972
65.37585614017655 45.561971106907464
63.282679259757145 24.372400045682106
44.8759437730072 40.533709924216396
89.00611573234922 7.08767113813118
46.23965604837236 63.734027667201254
31.345959882867767 85.57657944740671
77.21247344774498 29.827337300320846
32.541603752536574 73.899360610281
56.84955978476442 3.5867402944794846
9.762357612123584 3.440951691920535
70.50340567598859 56.286987565613664
47.85553374124474 26.863243506903554
59.474659923701125 56.768430506970766
93.67302810001486 58.71751177692769
13.910480425576333 39.18717533200379
14.812610410155813 93.71772074214746
49.1473962484695 11.52609514367252
40.44489260788497 62.59642056107969
40.934718518904575 60.59624339761026
40.87685957388726 81.35993387133354
32.965762017582776 52.34956025318469
95.63826501152215 81.20304542713711
19.061497439199037 29.253094920350186
18.956435696852747 51.900832979177395
97.24764348758686 46.06296556330102
24.124580576353484 71.30312473100625
52.620580357184025 34.71163199383477
68.32659076007187 56.92649327276528
84.22854224066741 41.46229410464406
84.46205873455203 44.55235274795351
74.58819378458215 98.88619803789358
44.118696476297906 32.315848537853974
63.05458224934768 75.40238230797466
86.95442946885365 37.01489712712826
47.8636949841571 52.20103769785985
7.116656936313603 42.231408646946925
36.966638443421395 70.54247145844079
63.020473548819524 69.52970690374964
15.0068846432167 87.74034681811177
8.944662214584497 63.90802010305193
55.11806324644226 44.32058508968109
5.44792296623231 90.59632148843106
94.9042512763633 81.35222044473339
42.29982024025281 13.601425936898782
2.3615203502415527 20.850469275146878
57.29444258068004 6.486942690047592
46.12307494165313 31.870606819512147
9.665780204646301 30.34186427838106
24.493346210143507 44.63958911764428
27.106789774303053 85.34436040510361
40.2009496072982 88.14822043528008
1.1834647245944518 23.27842261635279
30.72470391711458 13.48899152666191
