159
95.66971938616281 17.229688106537434
24.57333761097701 9.863005478867304
73.41657947707147 36.82840936380002
84.65666352725098 9.16151107018688
88.65727922584304 36.27131925852905
60.7844176771993 61.0763768197131
74.77845051435426 19.336814381817458
32.570799355926205 45.3907692228928
18.395386361847155 71.98981817184327
23.037678027990815 72.50240610343333
39.346564339008495 7.327298890452916
13.824681274718731 85.43908653860271
73.18219016670653 32.92339091153333
86.19648709569184 40.74157570729123
36.177232309963756 81.86665620105636
78.69659844909681 17.225295592177403
27.206516405821922 69.0349113229085
95.41529549123183 85.26798277881721
31.53662106323368 34.17471898191484
18.706459183566505 48.67789493700254
51.07173671518018 76.62994513578109
26.342004166321598 7.990795700307817
95.38473324384663 77.28165628658607
0.71087764770702 44.86559553027466
9.462797731970717 60.75796744264229
99.34675438682935 77.00590328096199
87.68394692411232 88.26819771044696
61.45133122538048 88.8829535491736
57.969958113598395 17.747631074002655
14.586839965355514 98.46795488485918
80.2124944998985 5.728788334714974
70.38510807989307 53.90943933775443
43.20898664317971 43.61407522501251
55.873391145540516 32.53452855871809
90.3257436083019 33.262083720112
36.926747856015176 83.02434613979256
3.9648290620416637 50.32591285624582
97.36063123388215 59.572434172593425
74.78789419061484 18.95432961970317
17.122678953678616 51.79037896527987
11.084881355346354 8.507354035427273
40.27352888919793 78.14438267181659
15.893087895809998 54.874088972236926
49.88012790125548 12.840065459949578
96.94391141258686 43.05390180191861
68.43114038058656 61.480616312535595
98.34059215986817 22.512257889482612
26.433219049458557 56.07007379745396
68.65742941007979 21.864515034797627
45.58744028527166 68.60264682871315
76.76097013429165 72.62863567841362
82.0879828571761 53.418119244101725
47.88338344872785 50.36543984452868
14.378199346887389 49.22978791112486
95.65073440563006 67.13802576066938
61.32024306010065 39.31243639940606
12.29540849117604 82.424348562074
35.19891885922043 63.67286972295012
14.860888437017838 27.595272322425735
85.95534751840212 56.6341697230849
15.659947188366562 34.131424980732405
40.43047175840796 19.24460598275768
2.7971552804286093 99.90948370745902
22.167033318404485 59.6284436187957
58.38484874270806 40.94314887047123
93.41333453507688 27.969125019562433
85.38087163316592 6.211667757349448
13.117700006256461 33.91282716961502
69.47796320090582 67.65548103225107
96.44252911144477 77.58045063314488
93.41058469954609 30.466029459936127
43.39287195935654 55.541097297593744
17.522399462680728 44.35085513051489
37.44093751513267 84.25560651339805
34.32278987878933 29.516815392054486
48.018954933168004 9.18669964041915
7.837062183355958 76.05853928303273
52.44371033033819 98.1743149465545
86.79229729114786 7.719916402379456
19.049555525884465 78.93419660735015
46.58549979237607 71.3071094284329
83.87800775300293 72.92333745399014
11.61651281964623 99.73886445530357
16.73778166863781 66.72437263391419
84.23161237339718 44.65568945460403
48.06260195287365 41.51873813730783
77.65035113268051 3.634600308081126
0.13907203873211316 79.5678838666444
56.85067579135673 94.39772105910532
37.32936214619686 80.89427056472479
55.53776999835848 93.91583625317897
94.89632448885509 55.147908711221014
86.61803513713635 31.121661153936486
79.03653984165886 31.184408716287326
57.86100343370828 6.893387521697769
93.87348131283348 7.611452642860983
59.18091375762303 18.332767607768798
77.52719734677123 29.99118043813477
6.460088014440624 17.12053362687659
25.1482430649865 52.281689705576916
30.690459253674373 25.974808136815398
32.66467466473839 44.07805500026074
78.10911044296948 70.49343541032208
47.29015794080647 7.161337838772486
33.11513765362898 84.08853612800638
74.35567998393915 14.370081794087298
75.11398580830469 99.04786867525459
95.22984794395147 35.51803648888623
80.83947125964457 64.31389095283807
56.60911659493094 61.47347308670086
43.60640167469846 9.050866069841968
78.3855509329726 52.116579257332376
43.319039210021494 39.07751119366259
18.68421414159438 51.90660344133099
78.7860457358036 63.94376118971119
4.194103567877416 15.851044299705263
23.233106354334186 11.246216151306243
9.6889264746437 39.46324969733528
25.513698506993688 85.76502994649724
54.98193071106429 97.15648787771644
53.360291718706435 69.11801305575102
62.98618194951321 3.6639943754342874
86.63672220467419 60.70654445839614
91.11253540303215 32.95110173630435
28.144846872402894 12.699070536099534
5.063330156532098 44.566428909816594
38.55970493393046 87.71139937976811
62.36437929129068 39.16776822962586
8.58573784636657 93.9012606921332
75.42339231298581 78.3107582179907
86.31488621927724 1.96205263881708
7.192152374174087 1.421386676981995
97.27405749239635 54.38189721263911
17.374400473636364 17.189748652188165
7.556263584604494 53.59128006355331
78.88799184331995 90.37754168288855
54.013419972118996 29.157034151373928
76.45732241587781 71.7825474680723
26.399200524531718 13.752227281605167
52.31044274823458 93.25840270514067
68.61903432128484 4.442467884696921
28.468916505483087 8.56790455067883
49.991726980135944 37.49743981833924
67.00289848345183 95.94659168743644
97.3082862565827 31.599016111553745
34.14236948070714 3.5196718476130484
68.4536132139799 77.73613234305368
60.86158458752291 9.185635026531802
29.64403298461139 79.54712022112605
7.304172631022077 59.53084299725442
22.6706521671992 72.04043904233832
16.82870670725115 67.94049940959106
9.353227342106763 14.592015754222453
81.2553075741849 64.7746499225259
55.47393435317029 11.11143896840029
45.61808310073855 54.060016690483714
21.936129387261694 94.87251670054306
72.62307786717831 77.27800652658219
90.91290993539938 51.573573384692516
