174
46.286271678663084 69.91419465915372
71.27351034279317 13.587907145826527
11.648384430065285 76.13226338573462
28.30183751602885 34.37501929727978
75.43462979458506 69.09850527687979
33.36823027866579 78.85998088787079
63.50068873603003 10.073405604991493
27.019959418118766 85.15735436998608
55.433506445936366 51.31827058632066
14.180890921689414 66.15636173211415
54.288113092735834 18.89031337828252
57.067764136058486 29.868350249031383
1.090203500761966 0.96985674938459
26.194372525573584 97.77234960889623
49.854434068929734 66.47011195083357
56.14776122157388 68.6662199201457
60.20341480519347 20.89029423095681
17.68744978022442 59.96136024758675
90.64552519746282 23.49944671504862
81.4020951902641 92.02760304804244
5.607067327167215 8.764624969823576
52.29856608156695 93.92557738112845
95.02466387160885 45.29130479324645
37.921755820808855 82.48714472122647
92.41554028148435 70.86552868950487
83.72020351074613 24.172528262445258
0.10381231531747526 7.489413301938286
37.17007982899758 95.65310119123046
73.40392681601479 59.940059035708494
74.76226200698619 15.776813368053311
55.38645113705574 90.44937244477137
34.83013825399257 11.330470668018178
99.74318590198578 38.5523224908173
91.03416643897285 11.139665285884238
99.64650068709305 52.79461877207032
99.43471833311021 18.646131407038723
74.63965311932712 52.85516824266722
56.99088497128329 63.158403751423144
68.23470244083256 84.72543204051549
30.616084451846824 37.8277511603897
5.310110308563165 40.85601371711537
76.02243609366212 21.896373256001578
53.00361073979359 60.69417658636582
77.54439667471415 52.59402821473837
40.371726614804615 7.863376072462613
36.554970293199965 1.360615050558378
78.98784527107082 93.76030535210249
73.69939244787865 60.999426018355365
30.282055382301344 67.26430539122657
34.263852060254166 79.17954554603092
22.506561783196045 30.566474447760605
48.58128807454809 6.823787676404047
40.26063002210659 89.64579590219685
16.417057350256027 32.249573449918856
48.93024089450496 33.98892732912916
44.447213435693214 87.72116372227441
29.134237605425163 7.375699683812076
26.054101690137678 68.79068624943586
11.262607184906315 89.81175856896725
39.90197589484804 93.9641033091165
42.414243230728374 67.58099468283632
36.30519983799625 89.68718826686106
8.354395559451532 62.25384843926308
21.534895930632004 15.711319085932708
33.29743552969813 23.311995955901466
43.38787367959463 63.05629357785744
97.2069054299311 68.60503021965194
33.61751983356028 45.943689794677134
10.457872638434884 74.78945738241352
19.73271314694398 15.862410294596362
47.82897278688208 7.679906683880445
64.48478105779428 30.51535306087837
49.107053920422835 26.941440749163338
99.33071083499635 78.16039429972273
39.48037274813833 50.86584016500767
39.46908695381237 36.12234170173431
94.4441542819295 97.38817364884083
48.996490671455064 31.23310443188312
54.07121322015129 31.164690353465673
39.808190661826615 27.862583740749415
77.43935288375182 83.87690367321096
75.23197556543612 10.565229828558486
44.79390173879527 29.30636399538198
71.03506688441222 48.981057036505305
32.268426757477386 21.96479265689214
79.65365608551538 55.168229639757904
13.61180488621786 46.46367956026827
10.79122435732417 95.30397203123582
30.851333877094767 70.763348863889
71.03091793406871 94.16554456969948
41.521959746232696 66.28207614427065
83.3876734317018 10.005497926018714
81.53440032145303 55.922307732645216
33.96597690018104 3.5352162922910213
10.734987701437337 66.1425453407463
66.6972374067207 35.796510271402596
69.78007957739901 60.0062601352536
93.11009224763762 27.21033556998862
38.88469887602272 90.81921360986212
29.03515461537959 52.03643951683563
86.94376951152461 57.47587860801734
9.00131460245126 83.89988120165734
29.039157770285918 37.95159395257157
85.2336700767669 7.630002241328282
29.184888470836544 84.29949858567144
81.5689315239261 45.79624466275056
85.62658476216767 54.65581607279948
41.41343234431976 75.96509462295874
80.62703577457245 46.421592438416695
29.826647112658623 87.09268679525738
48.44821095800993 34.21322827492729
3.389055960443399 17.53715820548892
66.07992342103395 51.55135509816188
55.10775644387971 82.2009667860873
39.992519351646195 23.870380591144492
23.26476095675989 8.982225489920491
29.147382414894473 93.59851965646696
88.65375864487977 33.968327237703846
39.46655791103798 28.010503812093734
15.05530349253964 65.13329163785127
78.72256596067184 58.198786044053044
70.97253621396156 38.75284609853049
28.78598805160788 55.17622268025797
12.062636880586641 32.57861778144624
41.48604728000526 79.01785868207762
33.684993066555826 40.24351884011577
66.77300814031899 83.5526189619722
11.470259998697674 24.536124779902945
22.075040553815406 33.00352344551941
36.43422211631562 51.970225034280745
97.70827846530477 64.68925739241868
75.71290237209872 52.44735352142374
12.217665714977233 26.123326884981026
2.0375641765917774 55.117918032518645
17.17256345740057 13.932143886670845
19.283248626956052 92.58688758339028
30.77546001208852 56.014800237339394
95.31890714354921 56.586820759997494
94.04862153038798 95.56853959904194
2.271636348980144 26.788956838375675
82.2900814189016 95.3730565038826
59.97650651353472 78.29438945694348
17.84718498127126 55.36099933612305
11.503232331286561 45.339671523664016
85.88866855502191 91.79427192704124
24.008801202635965 63.26329254735092
49.80142899714556 26.121256249038048
1.698069488837517 71.03648712552973
3.3264835659308822 3.2398584222548266
76.59481764626128 47.78832671202883
55.706496415281016 13.047840138739597
8.0220363684679 34.015974549996066
54.73706747341141 11.995641191197748
4.453791256743356 8.001096580107136
13.915111830670234 80.79008772307759
41.83427153136584 63.40892787621492
17.51303867298839 87.09493642828609
1.3120725399045075 35.85764462672704
24.848537304485607 57.30896846147101
45.0828938443626 5.361962532130149
13.12030227322525 72.77434797308628
6.364467010555474 95.88516873895684
67.21717748481908 45.67166332971902
59.76345586673168 46.0912548829925
33.34916086055437 29.40843756093893
4.792209871110254 31.9198713948755
32.717938433915606 87.72856963273514
42.73131064178911 76.39149012778078
18.595892051157836 93.47575332052888
69.3417443122523 8.529252772976347
38.62758503573648 98.06108089236403
85.59480239567105 32.93279999092675
82.61806128392472 62.04616175376678
34.93725700225696 34.225904545266594
