139
9.690610223032092 16.085107043570822
78.20034587994205 25.05186855795052
74.29324853137734 90.64122489385066
53.648901726211804 67.96729316628523
55.06536005500986 72.2489200666916
47.019002743799646 24.447315952732872
46.630552797851465 63.22240055007855
2.1311888740995544 90.15342353483481
2.558129092371497 46.841401506178485
85.02281057147705 30.12793159602407
43.96992135249409 90.94975794511652
78.86506300931947 3.2282642480904067
88.10902754180218 19.018899636556807
49.28657700861798 27.849183976934455
95.27977319984234 80.49847842605612
40.67032659096 89.9401138038615
37.6657374411288 12.979634720904965
41.17152907740089 56.66655702583678
55.16268565343441 38.65778831673515
3.898159504578469 85.67328942121357
27.60703290769947 10.841098567257035
93.6606099835096 30.060792509989287
20.68494248984577 30.629391025124963
10.570859656555387 4.565228561829615
88.02896061263131 17.18128019145696
85.60665219896688 28.362230782695285
90.91636685669889 0.06314992053231272
50.079723917771226 38.37670069287428
93.5405343758282 29.291092299261667
86.52208132608311 65.55652181058917
27.20025615422632 63.79495229481036
18.688501193403884 83.0841241197775
77.79449654736896 39.260743929665644
44.478787355882965 53.39543407844651
67.8482074883281 96.33758468044995
59.66747455730454 16.957157068607
65.74548369415437 20.178067636360108
99.38072164370112 95.42396208648476
14.028348298213833 57.96269170850368
69.61007746760404 4.329123204430186
71.26860162311942 42.635074334977496
69.81836303399976 43.309272778493515
80.47056904937003 99.96221563069957
6.522490365305833 84.53597924072702
16.565195542533118 18.858395547478445
72.3053499187142 57.971639430776435
24.597033850675132 93.14399275079634
86.76568607738861 42.858224373903994
60.48834192870801 14.441839038311134
94.1589509191611 33.17982545338535
54.05829742112673 96.37981036641237
62.37043436568738 13.176656115338513
14.935804769715 51.17749923590452
77.18616691432587 2.247072264147687
82.90472226316264 79.72986605733603
63.82593577241341 53.14824691151057
91.45467048882007 77.85452765255484
94.72517535739962 65.68352701069307
9.522306337123565 13.677135283331388
11.8405553076816 69.79445423545258
57.72877184172739 27.068983479028507
74.92064611987381 70.30576040974749
5.676012533204389 82.20035225151385
1.28269425096037 77.1201045917014
77.60041039731264 10.728060939859851
54.56478249615577 96.73919762860312
62.97868387558497 38.03752913158176
65.088595246708 95.74468219684746
7.427178786821664 97.34759957321296
98.52162012555104 0.8808129672788323
45.301731787500444 3.4736395333660353
50.51410350275973 90.79265404649071
2.6473427926362203 5.258518402995415
66.6630687168806 9.649382752419278
79.65414616074129 25.23251645559077
98.00265980205856 93.41670823606471
37.010983794025975 40.405424733608385
27.73491715672245 44.479299145762866
98.26265368287065 31.102363491373495
64.24901401775722 46.77088371339877
7.982262836901654 20.78851206784109
25.1368729657393 20.489996810899903
92.2714540102436 28.946346461821403
96.14059405189302 94.4855622949319
93.50552175374484 77.35765176588109
13.789442192952539 76.17800241440382
86.97587027771034 7.36460957004581
91.54104228069085 63.76263846972057
88.16892796486752 5.146015700653194
90.5833659011661 7.612353048227439
47.88130332348949 87.61445695716077
84.09726555359352 23.596713533148982
95.51614164067826 10.03382305884325
79.13037394986141 46.15836666297525
61.301989366215196 57.02201175834768
8.823224011254393 78.70091735262834
35.14085865776996 28.332723070754295
10.406636861357477 19.905436296498824
98.48070489819042 63.97299336054303
10.265163952328482 8.584451034194352
33.67702121835503 82.006386293734
1.1503886083366388 21.574344161130522
4.67588294039416 66.17587758566386
81.95267939949372 32.973983035499586
31.733322889457007 93.91625074782259
24.93030581672103 65.68454586742618
69.04562946883863 95.46312332179299
80.03436700323124 66.94304092327754
14.553037361371901 26.76739881769592
15.501705633392993 12.201306293573499
58.10169965015949 60.540285728265864
64.42288398437705 32.99575726279058
26.64040909078552 15.187098760797069
61.7033697219276 38.79372582450219
75.74318775548672 55.30433105740805
42.218122852606676 26.355835094987732
38.25786309372955 30.46861231707406
92.04334197669579 69.46852918624472
93.24108264967165 34.34538345103455
92.60302297319643 4.34018130085807
2.407808714817783 80.41186576333178
86.15808505800858 70.75144762035893
16.083191266231545 4.292715214010467
45.82476499559933 38.53073414922764
76.4764853077314 4.9032687928937
71.14426141280128 27.744836455145716
96.09814719206499 46.894556579975735
46.89991839422778 35.66302984956719
27.1144209333252 36.13280470335864
45.50312664425614 98.87548419782482
78.68484262465344 8.151109212986018
39.17870821022553 63.206812007453536
43.4544773255597 95.03143895095197
53.8230349330563 26.3431192397813
85.79352631909912 19.72456049323229
0.4696863450924238 2.1676476227597163
33.5753438567161 44.051425631727135
3.7545673488468823 27.824902208242918
69.74681498455371 90.08223480167995
