112
70.50462822589222 72.33052282973217
1.0078481158542596 67.99457304068187
72.19508594531369 9.859700492208056
46.65607153768947 48.27518499917034
78.04802295646174 13.197570352815458
33.94023398867061 6.532960525274845
49.1016469355363 79.32445589829851
68.0208666222395 7.159715066112671
77.88217718041321 54.96416120168837
64.21790918435595 97.50760472939284
89.00919670577446 30.31665586089356
65.35210308629486 5.407501101106504
18.794220837021747 23.43203467012398
27.51108125737748 68.31923105011373
26.725630785326736 19.315096043584678
12.742533707695324 47.49168835412225
93.17259177007755 67.23276152438498
12.945733243930102 41.23230617640494
8.722333048797681 14.221954460305387
19.530599426338956 83.9479737092804
62.16170780740189 66.7830003836687
2.439478019846919 35.66966011890904
64.4364770216821 74.75593456692832
50.40141678383362 13.152172285812169
41.13575050221012 4.814130874445843
69.85585849868211 19.553264767821375
35.90606603205988 24.012939206713156
85.25565157221298 70.80449448098119
30.918877430654057 44.609683458667284
96.22160140502258 86.58369036372294
26.48392977677162 62.58783281635508
36.52817584491315 3.0155205350456127
30.31570167290072 78.18470057469821
26.30396819773261 29.085952058151175
63.80825640580427 29.56140498041462
70.83415993538625 28.09057030900607
22.964745940165233 36.385262726354085
38.72992577755304 21.28501481064715
93.97831577500251 50.46567218428344
32.81747316539562 77.28245150027561
15.691630354772034 1.7381810436140288
2.0271383407791554 53.34753714260398
80.41968117319335 67.3017131036978
30.126605530694526 23.446723665475854
40.87101248682116 80.98884166587102
18.94648944958878 86.56405128731684
55.65393249087659 83.89208155263212
18.248406157302355 33.096432344484384
21.942109687940892 40.83253650446987
90.5433860041756 3.9477200393438383
91.42874702155854 31.14595000347332
27.050037706659026 84.21696302225737
56.16868441097315 95.50257260600799
61.18011213854967 53.64290498637365
56.222562883549365 68.07556821891023
4.214652149352782 6.341475018114817
16.467931230609555 64.71310118511407
24.935975093323147 67.28561036913548
76.34482277566144 12.656377241808414
25.01615992850904 97.23561938587892
53.75946838290632 44.90209405768726
58.92543226714054 35.69961683443068
36.81746470836289 43.63459081596067
62.18679186666669 21.796459911156376
59.71631098954244 11.69624987653406
0.433465418268153 93.69334067742915
46.09070927738044 6.0883629320211075
61.551712731439835 39.84028082043161
86.95812585628458 90.67876712627248
33.52391155041525 87.40325411869698
51.86984449347774 61.613929710341395
23.099156971726696 38.95845723327158
68.5537449317999 74.0640595210619
40.27338797779041 58.63362574541878
7.977426035998203 12.272100075849613
70.19214472271747 55.03312867846532
71.68597431524344 65.31089558322074
0.23919607662418185 69.97339174149937
54.08226941948347 32.409145942623056
45.24536891954484 25.26334858919146
13.173058312707663 93.3016121242307
9.849695859765163 53.01253892114376
69.92021594627786 85.61990903231494
93.02255719716366 6.6868297488715704
7.570516459883536 84.54816757213048
73.69283026983182 62.766482786202126
67.56963814100888 19.94531509320725
95.28357809768323 71.91070950186862
73.76386184170062 55.25547055778173
91.27826954320194 4.461081241775422
82.27743839593049 51.24826071161823
1.9992370052047015 73.53128349201126
3.306666183622653 11.462065747337435
41.600135996517054 4.309151542428735
52.197773186660754 17.71245638260217
19.886343530311578 49.3558859982184
20.425766017140766 57.34193550672606
3.6110512705347153 82.65488348836183
75.02275359674051 30.02855770937005
67.27218081010112 76.3365814921989
5.981827432645559 99.73816550334517
76.10189923691583 70.57139699271528
31.749463651820452 86.51758834120984
40.72245598506296 99.33480972246693
82.15730095258036 7.08970244797269
53.19172956205638 73.56776277591737
46.93713676986321 70.98941784306696
92.34526405174601 51.43844637957078
24.41769376063997 17.814696429409793
87.90454525326669 76.95612733334973
92.85728907700884 13.506901976624574
2.972596195972277 46.1299116966861
