148
51.76083875334524 28.21256051082025
75.06623641669947 5.850922295171223
82.2114069657448 6.278952182107311
60.132592839002456 15.835127000454142
53.71386804376927 8.67318359866831
80.35417118904994 18.464592994480622
78.36913129479981 45.78815984276109
79.66096933671419 59.83218394742804
6.511008773928795 52.055460496389806
58.912761300601716 82.9947029125176
55.81215000185236 13.202183639941456
5.096740612857231 51.409426566832195
31.079094628530633 27.013889536361123
36.41766042967105 86.04701147927514
4.215032474270397 20.52817358489665
81.99449641039921 17.556444276336013
79.1724286600007 66.18920010144103
74.13241649426568 17.29040114796416
99.77175726909792 53.8074101976597
73.93004191596646 32.078663591405544
69.26847221400082 43.99575251299331
34.55801288083288 71.92532751328721
38.36436114306808 24.356026401429254
64.64962615236642 30.070992073486337
64.19321547095055 63.838508088061886
72.58240598570671 27.958294733551458
67.52678796277293 39.7949578842467
83.1043748404609 99.75788189851109
4.127252089486088 63.32961448947968
16.80390580871479 20.067798891776366
43.628129942948235 47.855969243435034
10.653455706716697 95.27037078761768
64.83536621577349 36.1837299848362
61.469427760505425 86.40174786475009
83.27790060546968 19.20768788664565
85.75785903472072 93.90977475969423
5.903308529803319 86.88549530007343
59.78581600739417 10.248650859377372
44.67552020796083 8.459246249260065
87.3588320977352 89.43393939054506
68.27793194455748 78.78648786908118
0.11189191376710372 51.2717069488991
26.142923139727138 82.55536193717697
25.504196596615824 59.30741973167179
42.88067109231617 44.399417725327595
4.862480508652256 27.477094400514947
68.95769058497211 32.95589619125195
38.47746998401897 7.3357019884670915
89.60708154012394 43.348806503449254
2.539085925461293 19.636920908244836
47.10050284147884 62.36492899206121
7.125988671547045 72.85100459352543
31.877898137799477 50.37000905144734
18.335553535299464 0.25246745136821014
32.101161935685866 11.194262342008631
80.00946242105238 98.19292455660869
83.82225355521862 87.05249764939265
13.330074351769916 37.360316634588195
51.26152239269298 72.32577205068822
26.417229710727696 87.0184611922261
90.5593593248816 17.652325014389326
74.28374882157829 28.514014478261362
69.3214084204697 1.4706344914669378
39.60473524378053 26.373023758578274
11.956821627966374 75.53848681972018
57.994212531538544 88.57933569634272
30.47948027946329 30.442583829150006
48.058492916159665 93.68592960290448
3.72821448983619 45.17670060280178
17.741645950714556 75.94033125231948
21.065055475503513 22.805976958314677
87.93762800545056 50.31694079670721
85.27090172302111 72.39638415634302
18.396012829979124 5.490327812794494
32.295305677132646 70.56756052274207
37.95529646379834 99.27921124773299
96.66423839249615 91.90462878669405
94.82047046226769 32.0048052598728
26.76776512659168 53.844870263369856
52.927095544571316 29.203865350931068
30.757250055241492 76.78115926792863
36.56983382075437 40.00763677349979
40.89193953420869 82.42016282216774
47.5495750879564 51.12857096385861
65.13525472487515 72.18757978553033
52.46442153216178 25.369741714399286
81.65521006717435 47.90822971737765
64.94741185643169 54.450738757897554
75.14694956030522 83.35754894001013
24.168096747019696 45.92298617597736
89.6861853296777 71.02066295541263
99.52574331875795 89.93029698097327
38.45766517896462 42.38885586771399
74.79468823794312 72.51218225122645
48.560106253042676 11.524878478536117
19.199228890522548 10.553290694923167
10.401150355870625 28.602806759348255
30.525492601854808 30.772336229714504
26.50647164933585 43.207392513772916
6.479621806556112 62.130182732622515
90.83215737603837 21.481050805954894
23.389506543964245 26.019375643910593
27.56316996385714 2.610576903789663
64.17387620661044 95.34859547796644
36.40781669272022 2.014406085957565
70.02537740355575 64.23124389213108
66.33622120740043 34.43653126408546
36.69659674956943 26.141514815505175
44.9411607758913 52.94848618124465
20.76192940390729 42.830760348011545
58.614975602183875 47.632828905803215
11.327120199371643 93.90966631082411
22.359725685730503 86.62416018314393
74.53545385919328 54.28297802304202
57.74890023819762 15.931185691608608
11.852203475672818 32.71051548796369
45.6270558752107 46.102069074197985
78.53755339897694 25.115899190835055
0.5231212325613521 98.43458275825931
26.6066095303761 12.02616585765619
46.719623766242925 77.72630524605553
15.119035946916881 91.84784523723744
76.27728724371734 23.636475193872297
86.41738087009554 95.72564197597123
34.57696541213381 11.241663442824102
26.33034382575621 52.274613273865576
93.52439632700171 91.22752576035853
5.619596413931438 41.557962114157135
91.64756042269885 12.957930109003746
60.76912038133223 7.086635498690031
56.18638180480949 94.44493162221006
29.327988102286273 97.82640950975411
65.0309420801299 0.49640403530135657
68.45823939385478 12.489073560116658
87.50316786879799 77.91886574861229
24.56181037323556 74.35762284532139
42.19540229795178 6.3563827283402485
38.05155124981179 48.44181826856789
43.630058119134574 90.11069211190187
6.355659464267848 53.760142992157846
41.92817969165994 61.26699649865402
8.97009665819074 82.24226809669815
32.73388913175895 2.4428359530328847
92.4162310640706 69.2082687809857
75.92920090357912 24.77809889813749
92.12044873062342 78.79066609750454
19.019069644167562 31.8612608708588
64.46389189716719 98.50334024924702
