196
66.3743906564761 25.847827306874372
23.899046872198493 92.25667406753568
4.562221378185294 3.4308231550348123
59.503660739242825 21.301291125247722
93.26213432130686 4.754988619868417
80.4321245248182 86.74885302934305
51.49322117484898 7.3015819066267085
79.0469735642374 80.6503980762561
7.512479507551384 18.79230262163717
27.210082283459137 28.42398854116358
67.420791902122 79.99095373745287
8.93258692436769 48.437117114749995
19.02656713344346 50.69583587186659
54.22886705464438 72.04069510289052
52.42231170916129 57.810038149171405
14.585397163049652 17.878250854601653
2.0004739866537613 69.24154134851688
89.56904883106644 2.8979929629886714
74.15942348911521 8.777675474673153
24.857476328653437 24.150443399138098
39.884893780915945 51.62856331662906
56.65572419194046 77.187068397683
2.260574774148172 67.38758113731669
55.007618241995516 2.815651101635086
89.7129846273137 44.44820125316264
33.15352153100248 89.3896314694613
98.05230282701535 67.02442281807387
21.5569418827947 83.46518349278324
95.13152598276478 17.577363851250638
93.23238424478177 6.935208659996239
14.604256215605893 51.54712969104769
96.48701379454683 2.4335740322975696
22.766207074914213 34.97988161368457
14.917729609822484 2.4300576721004274
84.56479534435688 47.16763463513153
89.1800033131295 25.792408633875386
94.42448578674207 48.90735480241085
74.72497185583823 68.67173609565755
47.147882790750295 87.45393444349683
84.88147147066113 10.466600717440722
85.22101528894491 11.959093155322941
35.20341547414972 48.661872336826406
24.06005231744559 98.70753062723011
94.6216563871227 37.200025809027835
53.35598747206344 58.103711160065075
56.553736881856175 34.337873586515855
9.764555385741936 98.73574141294905
48.738124992103984 10.1515237732969
73.78061347239206 32.12506909446048
26.095724011900924 77.69815426823557
15.64901448807603 4.935900925798265
26.033688500582443 98.97325544122924
99.35230424270831 80.13636525548827
87.56063605702792 49.695697305565446
6.871495890109236 69.50497516118472
24.894840333169387 49.754600579883025
73.84746347791062 74.87565316001607
65.77634427614247 96.78542190549402
71.62404418449952 71.88495321272697
13.815576721807599 4.710271475260585
44.32743174616716 57.45711819894216
27.04049540775568 85.75552771102879
23.491280419237437 56.038479362776926
65.57581580442773 43.646132692781116
28.01185921035685 38.708685580275414
19.934752951461366 15.65085155338778
76.29900655222868 62.70280817144156
54.83114978761883 15.517497408395787
1.047546382209552 61.26173308671109
55.531985880837965 50.59138978037273
25.966613478620438 53.844786358192444
89.43051918645767 18.65467950376406
47.1415294270181 60.26105866070529
83.274667971735 21.039255055366755
15.06116684836558 59.8535645471717
99.22795280010801 2.7828640099123003
78.41269738411782 33.73875897852033
36.55546418998743 92.38231288620852
93.97478497160165 60.111826750245065
49.979087962230885 5.420015677746182
13.958739752634363 56.77444576979941
71.7530707333957 70.28368866835575
14.097083763013064 34.99210698774782
28.08766770518627 5.245849757843124
29.50780430842285 26.378887623737736
33.27895991759268 47.3698819515109
7.466939461885513 96.49542791326445
20.836473185586314 38.09489725711403
63.3262176304028 73.43984213007371
34.800651337892894 34.734167742581924
28.55643079642123 20.19722194165855
64.61822799620458 82.53773851423956
8.098998714859441 93.45939862542146
29.992864996185432 49.343482647108694
61.49953902499205 71.29699662096908
61.76970947551864 36.86497384307755
95.0721951583418 29.880596357760293
85.0790253118547 40.90687815771587
11.992714288233831 30.6415428946196
87.50884991734841 27.10077688808379
78.79057523681948 72.36731722347291
88.4338444178334 30.407019888149655
24.843401985154777 88.71645775681138
79.14998659776482 53.67274876386654
49.16447845264407 38.13082301805354
23.419361978376575 70.48820827372214
11.289266958393828 12.145465019451107
50.72543206193456 75.38677027788394
21.212337382167302 25.406243497943525
0.9627724804995297 76.87966823131735
67.96787821406616 52.00025917924952
69.71450270610934 62.52792369110283
39.36681926857513 93.85669860802375
22.45328201960859 56.54727461936453
18.52533476908865 10.62909339745829
12.780527103074702 27.661495307844987
22.511832571004398 64.9852033322109
52.409856356818366 82.67562621090985
20.595022614499936 41.38839275370232
42.38728910181615 15.350228877346828
50.65582092836707 6.750140694898277
59.74979405783895 45.10868718697058
86.02187886049018 57.23620819988224
44.98168957376222 78.00186724677812
8.377173303268714 92.2319882792178
74.62455863025757 5.5562188018488
24.693501060621315 82.31116915332328
49.84966145274831 21.517859476345702
22.576398068174264 43.05220814141414
52.53523476721445 36.48103389332682
84.73161016661349 66.58385309827538
79.12304868475421 36.87629864292842
49.46597771481356 2.832254070676221
8.037165968272319 6.800985403757142
66.031492932566 24.397041357296402
61.5885230152697 20.99537312333065
63.09909145139093 1.2363262114400753
92.6357804306486 25.15269576949204
58.82069264674973 16.59223900400928
17.755638183166987 96.18686972717514
27.2898530672806 36.440495293855
52.108378261939315 56.360518559251574
41.58111616586717 84.01710879975143
61.38582884620845 64.24255485868723
42.17912597968534 12.133847765149541
77.69034590179295 74.90704404149938
31.801467529439343 75.50433401163049
34.409962984318874 77.31632355515919
93.80684913308889 26.252480916035125
83.3143728530616 19.8390709463377
5.047040874730502 19.713037009479507
1.5007104908571933 87.5801259970315
88.07981149829514 89.41894957226731
86.11852215536385 8.216808926122122
76.23911045079423 77.63474026425735
30.08658407375364 1.6378426947504243
6.033344933754181 81.81451200683144
64.30060164447164 43.58253186960175
18.96653691441571 56.959497512763335
57.72763548818486 27.77388137014215
73.24527796666388 41.7154151170446
39.62003703500277 41.69365437465572
6.4865448325042045 37.509101876409815
76.3304326866312 46.41666388798949
15.590716494964042 54.013013889359875
97.7392059341075 37.14491174757201
79.18192029573629 68.70395981966827
99.85533524257451 86.34623882578094
17.190754084085768 28.002287229411227
2.326176566894711 68.31293658545728
79.39900971903444 26.4742890207757
42.2985951643788 43.10804042570805
62.18552410889521 62.03193236232448
8.862635168537192 95.75091486838706
35.61258189930836 10.30639755234678
14.04212360144641 31.33800612385147
56.60816295114157 19.16726693475953
52.16482311329251 36.73483912113832
21.866660395308624 71.01587007789742
34.4277448917082 65.78949908118614
98.8899080454122 51.45603617397253
1.1878040059983053 95.24298014040494
22.795495599086212 78.25471372140677
74.52644804890191 38.728920176295254
65.13561837715977 87.15499663691514
78.59405940252955 53.278689719330174
33.175651681878115 87.26563866959204
38.539456978569376 49.957598675103576
58.460764345129675 76.75989013556531
29.07340250562577 92.24568367767338
99.64726118039727 74.4364852909237
9.199250765315991 54.71864446598239
38.52324846221661 93.1873955183817
38.80480944007261 19.369308257823235
35.304716072371555 8.286686955102274
38.175631113623744 54.49963546339196
