135
47.25107423780981 60.08466366906436
40.36810912628251 12.86252152072105
91.76457640043118 50.67862083511234
94.52257750694949 33.374353299852324
12.04555305401691 75.87357305128434
91.48735896817173 97.69865514858847
61.78067177328107 65.79563461739083
91.89500127041566 47.39938639218704
28.013429728263883 0.2877793376129256
71.95215050754375 60.45900538615388
50.179400524349575 17.70062193305064
89.33392131911016 93.2070683720004
32.41554297506295 73.81382116668188
26.993570593833272 8.7193272020479
60.480120079682976 40.62972881974335
72.20147129201877 39.445901170147444
63.47555086506651 34.12689316096954
36.35433676506429 39.606861683970806
11.859305499769357 77.60776096853597
61.95712349297394 23.30367974069557
22.929114240849636 19.204125728374034
6.403826448689431 95.51720490183352
10.267047608083523 50.61322311751295
72.49551798442465 43.13585018476069
67.55020962793762 57.26999645600643
70.49512357830504 58.35404403739414
15.479358513503627 82.56337290240234
34.4031313403633 35.14059808254636
27.337516445779954 6.858925994752041
41.63933917423203 59.47273221475099
37.83154186237938 8.840608961222907
86.03051390659738 89.83382104598525
4.498504491008671 77.43225289955421
69.36013406116966 36.10966066686775
97.76592944643778 34.50397781761878
4.586166315390816 93.25097698866898
78.66817003751069 18.45984641497431
65.77891290351872 19.33929423610723
80.42737915198168 91.89891658277271
17.841133212207062 79.83277932191598
33.97887432095318 13.77530054988294
16.049703870281363 39.35768915048641
1.4521916807477164 35.179928308814326
91.60612968368999 52.49239021667434
40.35495306057953 91.36778822561438
4.754400013490034 21.078450685681084
64.9145921428129 6.0090853112597316
11.099125677758614 22.077790289286348
58.616044994093905 74.21761235574591
30.113971989264666 50.95277514234212
91.32046616616364 14.775202511079588
61.54770426038891 76.21949324348807
62.17459797146133 36.37336029595827
89.2321717536415 79.3346789804938
5.218017593250368 8.64967565299124
82.90971878061322 89.88115746322924
52.832375792091 49.750702786374944
64.68049240656849 23.61938029122477
41.55490860439536 71.99595969409845
46.731226260027825 87.55347968197447
65.26960822068459 28.795998323485794
58.70940935103034 33.68957847419536
91.27266882162559 77.33662387512136
94.51150482053319 6.038167954171037
16.646752139643606 94.69418103602285
30.20741095188998 30.967089208152753
46.492426140797896 71.478884075923
91.30415430847283 12.483148596109517
13.841241579113806 95.63955577608351
39.17293899176965 72.86317890944328
19.475422214496042 45.80804634836675
34.00673162363046 24.705297637117418
76.90789048874085 62.37242683986359
32.90984545248632 66.16275378472176
80.55431939665357 33.48224370096414
27.247491278332802 66.62197350057474
84.32927015604976 48.11784350645819
70.84265600967677 76.93754865190866
11.549014306563487 25.13962403486667
84.61747561690204 12.301078591042014
63.88678061492008 74.06897661759835
99.98736443522841 50.548086596848165
77.66355003899817 34.3041328690644
76.29223216380345 16.656999172477317
20.483601542550613 55.92733201197322
22.01950702047504 26.39065785133443
11.100230274964328 66.89338997330924
40.035292230914756 23.686439528916146
17.023945568435074 15.169001168070583
72.5351932479443 91.80389411112075
25.909803141963682 24.6948161045616
63.517206311462715 43.79910247584592
48.26924528466866 64.03145212159683
18.56598651506014 12.893644091502821
6.292983014307863 31.558348064569387
11.65746644488661 0.424249439407165
94.2536004342858 63.23695169172518
93.4886984829143 34.40480559910637
40.62731529765835 85.96240292949126
41.562787759948684 40.435746170583585
1.6108332952371462 95.68038507923264
76.2471649504283 22.890795180179392
99.45877269910982 74.05480454560241
5.45865525673912 11.717646103548773
34.98513650128214 93.10018308407676
60.27506400764675 69.32789568401138
90.55842714369884 56.4538956896837
46.58964873296689 40.664018196954764
31.699972273877908 78.41017992800683
47.62669932753818 55.19724680146466
13.09271001003397 61.51340652123566
42.07715494852108 36.94194088417338
78.89533924728009 38.231752081787064
72.50150005058028 24.44905504597311
53.81104674206466 94.44590936813754
24.85432135327268 65.46880700438209
46.87721471056877 62.78854840987257
82.19451575002917 66.10924238847497
68.21484633371216 39.83044413657868
63.90076977226982 4.879583654551578
79.76461361724117 5.817546124276407
17.915419445017065 32.23923523385921
49.20880061293917 58.6579205623115
42.72729712208362 32.851758070949245
1.9003981728908381 14.944988983461215
28.821452783844947 43.084964455720645
77.66170026586352 38.6727249803535
71.61705745697317 9.05425448962973
34.486938705751115 70.90303331362479
14.032738736476869 31.214222264695024
45.05427744258322 74.34235191513963
99.4744725610576 20.12203734794763
75.87487797618292 42.766600993228785
61.290114920722935 45.832825701460976
33.699502971158836 18.038409954672552
