137
44.174041684515444 77.15082855209305
40.90455921162047 79.41770734115501
31.840843577393596 28.152197565334546
38.992225485038375 94.44098066462841
89.29068195585101 98.58997823469751
37.900312997127436 45.10460282207236
29.87980240768048 86.48197576028916
14.33016423476382 50.745233135017884
24.59930740244839 85.70216622243498
77.1329060623686 12.526182264728881
93.37232310723965 63.779442723369925
21.29325546697296 83.23859312840138
32.50266460365512 90.07118796687375
62.487219601593615 43.1629188686911
69.44221607733478 0.7224423801776902
14.235747020708601 21.096823584975333
67.2720576003202 49.93897517619802
82.86031281250632 63.10693054339524
32.60096825375334 61.814739143376485
66.99865178656218 29.068098467426672
13.060655969785994 52.90167787118073
8.637878137060007 23.319418939762105
10.172129414170605 76.80053456694166
69.49801113477872 78.76742692209636
93.24933554849538 44.19541677765865
53.3631036871239 68.1548195935911
6.062196684233356 59.06100842494353
49.52385877430032 78.38254123535545
16.78638338035441 16.110475109973354
14.985731359600173 42.19955896707781
88.43765752125967 33.884487670679
87.53777025727297 55.60719917030686
74.28433296874385 81.94527712010267
11.046628498785472 18.73720941307915
64.52450966549446 25.956347253969902
96.95369519021057 90.82669132131939
4.350848690331266 26.400767689097172
92.63000956425924 62.515778650512
1.3213737633820055 29.924014689177525
77.42338286550789 91.29211232776733
35.320657105270136 85.92442965491716
51.27400864243421 7.598861733876239
4.309750247945676 40.93544446983164
41.31257472468951 16.369289492641858
84.46296964105217 12.813351846522036
72.11217242440617 51.34865776865678
78.1445704967242 18.43382475600054
65.15245299696531 77.81701201776015
33.258764102287365 1.5578610501525314
14.560717886763186 63.34776517641726
95.00996027607633 75.8104924603926
98.9777730383151 20.627004787450375
52.02739265962472 44.80117856367578
73.70433001385757 62.68090063375587
75.4465568039656 47.93883265092389
34.32375531735949 59.95049894932316
74.7657951197669 69.59103190033731
14.201309585673439 35.62727483472736
8.895915337888338 1.558473878444766
74.8608790726796 22.82220950467302
28.4075974611238 48.52544399655384
12.235020477053105 42.36502747935526
31.98738721618437 48.9749011911942
65.17564744834374 21.753813472686613
13.252623555572507 11.773997840841444
47.66847313313802 47.43470089020486
65.41793028176363 67.38237210755894
75.72306262025457 72.5190245333952
3.17711424257916 37.8008539067725
38.3564921956846 56.24259838559603
6.201269355890037 12.856114769809091
32.19226593844265 81.07329642830875
16.52453219915653 95.69828207916493
9.600794248479561 37.7287716078892
43.66541195397706 44.11752450591535
65.21796794016547 12.7657449561846
37.379532758915225 31.832921640895893
21.94108534070662 44.69437746204773
52.90572032129914 33.463911987062154
44.43507554782362 3.5947423339913964
56.33402799217795 74.37928670754073
20.332778899070693 3.6720676205361014
56.83022967755104 2.8745488971888777
66.9032572788607 45.272555336989726
49.036621200143074 34.45062680963487
99.66542826517393 49.839653135311956
22.309550559169345 64.1373140073058
88.16804259983073 32.850550929646204
33.71752485934275 47.035948944702675
52.97301261511752 48.06345852264536
1.0387243396375534 12.26287817880134
23.491965544219806 9.286344835491068
80.57624491176314 81.5199508165706
83.94101578377978 8.127072389677059
6.523426639697927 38.45173033073554
3.173908041071416 44.83357932960364
31.47444569646303 74.7753960891066
88.49632220455234 77.88584251972821
84.13985133736817 13.460796908954443
95.42907073562354 33.11000463100833
98.57570049628596 90.54756345030154
57.480210536859765 55.54213554563978
50.933137714054176 52.4580449037019
15.545568388345888 17.166920425811995
93.37798715774504 14.617824611262332
71.4153224378634 26.446214156212577
81.74592534904333 85.82061585239114
18.37088492304948 55.42369770825165
75.31165128995723 58.2755828864768
97.9974882854556 13.121636083892819
18.01395603960274 21.159714907983428
91.08633865536001 67.248624863302
29.322773892854393 33.25995190842463
0.8077392301576891 25.576087882104513
14.889880606368877 60.19833930664359
53.664811997716 27.701959162430267
76.69214075638845 46.03990489230356
89.68410566724793 34.569394347236994
89.74395771995162 87.7102901116093
7.461078859516168 19.018117873857864
44.46569832462329 81.73509864609963
51.00638896804257 58.7294528244537
43.45772992395005 49.23408883491983
61.10833983567985 9.731638586443015
23.449066272695806 73.40357154293791
21.090528456645153 84.46068843670966
90.93569837390646 92.42126000545021
26.05786562356337 10.272134744787698
49.60094115829573 10.718905850782168
65.21831595273278 26.686772591023235
50.18856872264057 99.91387882028893
67.6428240776104 88.98394129075584
88.96441857723023 52.60256285153413
21.312602344689523 87.27499139437155
96.70794880816864 76.90284805064948
16.198094208641102 74.1769835952831
32.4493576541377 89.14668998081734
