197
98.79097505127362 91.24156644632305
94.55804197150395 81.01906259454172
16.927543399868394 37.51631972752948
39.201031090653835 1.8060649977779342
69.82746567099763 57.75922289530136
19.01778387951758 57.60160713594266
76.80380154730312 15.615835623390861
62.63314137576512 29.058209205402108
88.5769085160363 59.01854236680184
17.186630353332056 34.649939771109395
15.445020688214484 84.619489758231
53.46550800876659 25.18555393719456
30.239730928413877 82.26923070405552
65.34499587989215 33.04777126571049
79.73582878379416 87.01686450881127
48.55747557683784 94.49368022227117
18.091435601656325 84.8870101220323
34.40788068327812 92.48502549310503
79.57872505878491 93.8738942097674
53.33764114173103 87.63666360280904
53.43385020326631 50.42808199149225
72.96833647873301 12.191736555093035
29.146672421560716 71.91158105890005
79.45370492270986 37.24207036862667
92.6253796594186 32.97537839797139
0.5251567066675622 86.71362226659201
16.56574693917583 27.723589869253708
47.42729794667548 95.93967866951286
39.9331235253029 82.00277599076237
83.28048115991552 55.20756535573697
15.943131817477207 57.83086260820872
61.499874284381164 66.76742163834436
46.46966594831916 93.07701053761343
60.597415100871224 86.8992817573774
54.45891988347442 38.86821316107142
49.65388396735035 16.127387427691843
47.27436503001954 75.14037093582091
58.13348277030285 67.49122650335043
28.128635337832343 4.262099239163475
42.84023886093755 90.06854030310625
45.17152260074613 86.37520493473109
2.7374909659364732 48.56865983066741
99.09654136824858 65.27160454502317
10.510871640745357 65.78144136290857
36.35740749692308 79.46955557689287
7.320207529611156 6.951428348115252
55.50389287684049 19.852074666628926
1.006103438272432 27.57493554922432
35.077623043326575 1.1259170958214715
38.41077411415247 65.29220131072815
70.0339967281893 73.06873209603341
40.03419289973168 66.02443439336113
67.99016967029944 3.470831942385244
36.826748462967984 23.28607447724702
41.13424292062952 34.65447668910351
72.4318184012343 96.04402458837687
82.91864534278318 58.07799872386268
90.23871775107249 52.46370451925853
43.59353536963481 23.148989213276206
88.34307739961076 13.765908282684524
84.74468577285622 72.07832813904007
80.96152349495351 64.31413469499799
17.19708661966989 17.897668437294634
9.965494064371672 84.6352895106184
0.28910581340563235 98.45589301092998
36.210104190167655 50.10143871629382
83.20525977141735 68.67614871937361
86.30713657917987 46.64617735344605
71.5876984683136 25.66700381748509
55.03648493739844 97.55607848228698
71.93664112360587 6.213228620558143
49.88322858174893 59.06115422895597
58.200180971186974 14.894571331792761
53.08822176466441 44.94660988191105
88.88578090967081 62.90068152225891
87.46692750630154 69.53303838217602
47.33722986736553 46.67619262632184
19.996447761234915 77.50681554617579
66.87520453855174 51.02071136547168
76.28883106733404 22.733181592264973
12.963966344142975 86.28642871144763
71.77325728067694 47.95214376953408
41.13681999885216 82.31556610421318
78.45791226253068 1.6531901616030797
9.96072266253023 65.0315389254358
98.28691848861841 22.220880897151563
98.5482273378976 22.689496983171242
18.125272303975326 47.92452028758449
61.49934634684219 36.29385585254374
21.289625245184652 82.90407846913735
1.788976590120861 83.56281692508651
92.38445661934821 39.64935444557588
90.36453410829891 59.09071933193179
81.64037918515207 72.82699972377654
47.06864631798313 97.61306241370052
99.40622458533652 65.27148570215233
39.5676342115149 89.64917683301587
89.99460774346103 70.2875179004188
23.137000049103882 91.20201691742703
19.498608840142584 67.1514617417843
22.62439623042204 83.27214942781839
77.54275111266941 4.646468659435399
42.791271819792634 13.998705393144695
75.80684639881206 10.644922330306095
72.45639764531015 67.57830326316856
71.1420174208596 52.27064857922997
70.5124245526564 77.45259271616007
89.6753448877009 62.65051008100554
10.17943998537243 66.8165109254142
26.494597194620095 57.91323948693138
79.8662817357075 81.78204351190595
32.82367216085805 42.74612720177806
10.757047464356095 68.63433979600245
1.8088181159954364 98.8080523281398
97.6664683361436 87.00011668454786
32.214194394364846 18.4190937445303
94.30105189798898 3.7938760500901725
62.29612328038986 50.15538805851333
88.20807516112853 75.7454205486914
31.98274739853507 23.670653917929783
63.61239569834408 74.95869022478621
78.12783645110844 46.50578284948197
80.44414852311236 29.53942910831755
92.47946126886794 97.98534316605983
5.351190752376489 13.434017611938486
2.3822050435114983 41.046248949141685
84.06120347627383 20.948190550610047
45.996600530401324 7.748484218669949
22.951789162177306 21.316083521277342
7.2657842232721315 71.05874710863586
40.26172123974644 14.871932673532873
71.30817269947045 72.68217909664209
60.00544451384769 16.972060771844433
35.07109282831995 52.10556054363361
22.769552296447127 19.88495667542808
87.63331530523072 79.60476307692494
70.37755806839318 68.12198585542151
23.47520763279367 65.3949382750709
1.5960623981835287 95.35210385436615
24.978741429007954 73.91730816631116
10.300081362478187 99.6659140561863
12.956165950949439 3.4464225236496504
13.08236293721292 26.32770621181194
91.0040791264536 81.34015744827788
97.7121807750167 72.96887579934815
49.32879141581192 37.150716677969534
11.098467254082433 97.24418079661696
57.732736481389246 99.0645369545982
2.3111980995116244 29.365470234287905
65.47795929480291 72.72348494656252
85.37675148491259 28.20111393646272
32.89625041847709 62.74429357896136
35.47634233700207 62.19498872665802
17.85091028754877 81.83220618420387
96.06495532145736 29.00296016261521
16.93836754357253 11.736702594491677
4.9947750204896835 48.79730547269266
14.367642429811644 78.53194624265835
51.593204546190684 65.1045294061656
94.43829538767943 95.4748033014627
57.89464051699342 82.54834271306636
96.23987597775462 32.50029235272558
9.589337056687352 97.160350916964
12.913047125205168 83.72465997216675
0.66857055533176 60.70090934694391
5.291626839782881 11.262228428561883
45.21031578884875 17.352385180628506
96.85346632375575 13.8696099127389
31.397600337582677 26.67798691693899
35.59407138606022 37.96001282191801
46.725003973228674 46.32488707702206
25.8617052537485 26.832387114403065
21.45508774530387 56.37817872140892
6.983038735739955 35.749957115502575
51.66955958089694 95.42263033469126
86.60622473657313 28.51487312690474
96.01459410301261 62.82359745377821
35.03242549657847 82.18467289118522
89.58450784181932 73.79023230456325
63.813940043826676 97.88479145659402
85.8307854360257 29.248150213915537
39.49799407061605 81.74508943239952
93.80073313247973 41.89811169115195
55.78484241844092 76.99929157477472
78.53178187811571 45.375387166013404
35.160192548523284 69.08391008136327
17.039020730131817 22.92153242719891
33.46827465799097 76.26170238322678
41.89075761219917 77.87267983576643
60.205277437982055 52.83623354748547
73.14948260356373 66.04603109204577
61.12995214784084 90.39559891968672
36.86915107348621 94.59964664407319
31.061236463569987 25.89040137137062
48.74377483211999 41.06010581129138
71.33229516139875 96.54268295577488
1.5622359204542469 29.980542154395863
