105
70.4210347003329 35.45392819614164
85.02057809086848 42.611773880871176
50.06985867413154 62.033619985423925
99.61818832302455 10.288705544438326
94.37923429779927 41.97887820895977
70.40137670325556 2.2462681604128454
87.79874975546356 62.83937197217845
43.92136452324886 83.64798748924251
78.56433336358404 9.755560656328887
51.917238094623094 37.383878464475515
74.5517200145742 34.98558581260186
76.09764009198845 58.791688362496295
28.268232793342584 87.24821300757702
24.894177282891793 90.76294548704084
84.15213517761259 40.221704087144396
97.52641489582624 95.43866375955902
45.67333167994955 80.76624426895395
2.823241923066444 80.74771772547884
10.663926064071616 91.5440574119421
15.307036855208533 98.16952374735656
77.684386174534 69.59190258516622
0.17005350650168838 28.93979995332704
99.54521460864366 15.885556083673723
76.42021759931727 45.83846981869208
80.81959371472648 51.944630152641246
77.64471557792278 0.02395294528474423
73.54408466738685 92.54937019346397
80.41710761031236 5.121650418795065
8.50409318822576 85.92648591618722
80.4913789051373 35.9758933434728
38.48999925781044 29.590980914371002
68.69389142859245 0.44550314157226767
30.817253022208135 66.89922924136127
73.54111707477178 29.202422194983114
74.73011608701809 63.57503342713464
18.344069068239744 57.445565402960305
22.101120121954388 63.32542750084883
24.758101470592443 0.1834464951480541
60.59571078931866 98.35880100649074
93.51985843687864 79.83778772803282
14.762657977044169 43.342817122208224
2.88921666211015 8.275741104450574
61.339879148295154 57.8422195390022
88.4364256663751 61.99966197780491
30.42634417701988 76.57991159437746
71.16515604780224 47.712147795920444
97.2352040117072 30.82440340317487
54.69380766235297 15.782073663765262
44.01048820357338 91.11502156926548
43.4389457735882 40.776051836692595
78.64377542601379 18.74828963563934
50.6815527648159 82.5811486827689
22.879922936492548 30.875154108020876
51.81384968147034 2.9336399726329954
71.14783445205131 90.65286759987032
79.97714479180767 54.727293692135525
20.210427117572326 0.504889754334803
55.34331462274405 29.386383665489536
8.99074709769786 1.3053207233576058
81.55736542117488 11.046717902392334
14.307774182880461 63.77783430896224
88.78118317186764 24.561788419436258
25.302344389094888 90.54852268381173
65.78883779221725 59.3044448532306
99.15973992967305 2.1718126821867023
57.41471314950846 94.54699522870087
85.01511358728744 94.8203813217396
43.637792494684035 95.01764121203455
98.52466759644977 75.93517672021537
40.36034604322447 16.956601686610107
17.985215933783273 40.72381158780236
23.570966699202845 63.89152618222064
1.6600010390507736 94.17644440412373
75.97943690130624 85.17253959399484
21.2475026458118 5.455331179327894
86.11818664248874 88.17391874636004
2.071740787047338 79.68080520398007
25.842824325150126 57.583332942643786
0.7298771708210694 35.77800031645305
29.91649337169161 94.29884115106378
37.610530178632885 45.22013434315979
12.858165789669062 82.51743161519047
64.01955887522286 10.833514390566258
61.40597265922968 79.68393327140257
67.80621400671616 2.4575369812707692
69.74335916119854 5.606054595704557
58.375884908701224 39.586145276717346
19.18548669357981 61.50168148128391
60.748727362943576 29.424507918940012
20.82636980983007 58.039796074736316
62.17190193287616 4.824557705672294
53.31295098771863 69.83860152537348
85.76750471478964 50.39475365091829
27.858078771976203 38.80831241604944
83.8043204675721 43.69806664072948
20.57514512455303 4.823793527207309
68.6094342902048 58.41944046596047
91.13602818069621 70.81609474001873
44.78278456918676 80.0320258363139
87.11482374778751 27.45463081342667
53.08168966099274 82.33389648112018
41.99898349553195 37.003105343094944
24.854990424800462 74.98785240312472
29.152956889865656 93.57891479883548
8.043713837931588 68.37464993673589
