106
68.44164849062147 79.61213909779656
15.438243184492995 21.675594467886473
66.07965409640245 2.380254346634658
80.81370871989184 31.79501661554959
19.97920476605929 18.035644549097917
76.86880849340825 59.552811603819734
43.07225034533657 0.30838765151981473
92.76412157190208 26.347488732863678
30.335738823713754 22.93136204751579
92.09522800284198 33.38570715059328
48.82985291417599 88.33409779990681
8.127830231776656 33.00587752599784
5.288410053153026 1.6017791424660088
38.45758845131769 67.34490230224657
76.98069394575121 32.65148364412621
6.82007897592144 7.53619283036322
0.4569466263827371 70.16185559875325
95.95273060337693 29.6690090755073
30.803099432605496 20.56631254292537
32.17421988265037 50.17373901726181
17.06564334679541 52.67682265440694
83.62784346683661 55.52334034429657
92.9416915351293 64.61758057120105
30.175786501573278 14.501390547496495
46.19561780175728 20.65852900316465
83.51407611176498 48.1255272714514
39.81534035234818 31.506791982002056
81.34580199665996 34.411783258856154
11.027114775550428 51.802091315859535
91.1505906207575 65.15579593473359
57.266594849627694 56.31365034118443
63.64576698970667 97.83997720378167
80.12882826365707 27.950405117274045
89.80890204794618 51.77442343311803
91.41034414504632 52.47092008049231
72.52256133154789 85.38010277851936
18.562408659569773 26.15853525859859
17.566684661633946 75.7119430155065
38.119598890382264 95.76760843992126
17.074028280822194 10.378784581106892
10.872921721693729 21.85539025769051
95.9572778777949 53.37505315887404
48.63155139588908 87.89618216442308
95.87978282147076 7.776622970360492
0.46121059493391403 25.93931160080484
93.61504258027902 51.23145619483345
15.068160306371414 92.69517751631437
64.26276866532422 84.30829241141703
57.361437184490036 62.84053611103199
79.23561098134252 79.17423759232811
30.086279866165956 55.747048490967586
28.390879494202792 91.9252666222157
84.91269788284318 72.88231494236044
36.98115602431069 56.73871044350059
53.67023678927902 15.426672531215724
58.505889666524816 0.030636938134442904
68.05235464094201 2.399762025365082
20.596082897489453 38.15295722667452
54.90478506712449 92.6838508456014
29.65967872703542 1.8487288049556017
14.395871465668941 5.729017284936266
79.4089446344222 91.70567399215108
60.48087425744916 28.788138905224326
81.25327934096157 79.76463998157321
51.730788237315174 20.213161180017124
32.577444162755064 41.007516268095024
48.26388302610092 51.68245818891659
51.91555645296627 99.27867505649132
13.13280966052146 78.64856125920655
25.72845560513691 79.87471755418375
48.60928648483065 92.02595209377806
47.24070941995494 41.92484329694194
63.88503176897565 36.03308404916251
37.60520699559316 33.710802939491344
51.635554525890484 38.41477399132851
87.86963537463458 70.32544958697183
33.28564846008455 28.935914023485932
40.25154732312348 93.1615927816927
8.203085080617612 78.16715320595618
27.716205380539684 54.32063874674052
3.5698428984233255 54.77627959796082
47.38633069771926 74.43683462259978
46.13204825180013 1.3275685872204845
14.040093479481985 4.471209968305567
76.60644998064217 16.486849031417517
47.359259268846486 82.12972376104692
62.75737905053291 19.685776834840006
35.0537838466998 61.52238693312883
34.069836502089004 46.106909420254205
43.33079388453021 68.12997194657544
17.835087139741034 14.802113951068518
88.12928154225462 9.052304897061392
53.24281148059807 70.1170179683852
13.433440407098873 35.43213540039311
59.889428638410244 37.539029222533195
80.92529718030528 60.23847897263299
90.45304918348047 51.83290411126067
31.82462238216027 74.78281677436787
88.27250991096865 86.13324099771094
51.78409130102891 2.383557552001847
70.90585389450766 11.595687765573114
43.01129227181919 30.775842018661624
75.20869000683994 64.85680255213676
12.734649857093816 85.50146283639224
61.210994752397696 78.0251159697862
47.496376447346044 95.8717313389729
