165
73.20938730647296 15.937404755961671
96.52675634358329 25.182360965091444
55.9782675854479 94.99834354794822
79.96528986835717 38.23310875555386
32.58369019954843 47.068707534989876
55.86859385062336 59.424590488905
63.603986834523354 22.85274293287919
21.82871738809341 68.55740267073006
35.024885299394505 56.801966037865526
45.43032571452847 69.67252584500838
95.09830130218512 39.43014215209564
88.28481375299224 93.7171375732442
27.16759869599905 60.424226913914424
52.74453989194663 17.852058622802424
12.02640684006725 72.90000218813432
58.96330296416109 55.894966887972274
29.484475369068065 65.58338511479576
80.74766218065722 91.16989596288342
57.51588210693811 85.03369227352661
1.9367589155448006 49.851950235379796
31.911652076641992 28.33117144752313
40.39911824883053 73.52137622618338
5.882564604867479 52.5144881927988
27.313013408849162 97.46241482796127
76.91148267663499 60.283785991261816
48.90193197011799 52.942716255125646
1.6816305173539603 76.28250167721458
68.29877886939761 15.60807185437877
77.40946087123736 90.50719223099675
58.145349015426696 87.06394586700031
9.812680040467647 8.580680653063688
8.838793079111573 66.72766774192166
25.3322633099317 1.1035364422487093
75.29767811672235 16.14640216264419
59.878648070916974 40.773446187026366
59.942974665310025 85.33681763890549
85.18823769036413 80.5232276306347
36.85530004969997 82.63810902026542
49.56805273827594 83.46739358639881
85.3768383104008 27.772600947689508
27.936919986268315 69.78688527225133
4.428143574899246 52.286092608080146
99.50914929170551 14.546278270638059
0.9112402088031435 37.24789199135824
13.842778945473633 2.771512314423441
72.23682313140203 0.9897897019133461
82.31751368931616 25.381564659318514
55.408314611080165 2.8014232838803
69.77457730019138 54.6569859185206
26.152474159829463 85.57127303663708
38.589755015642254 97.75834798465317
28.40281652833545 25.970452571957225
85.00447552021923 25.526278557812056
14.26655477587534 26.141714592655607
17.182572062463997 74.27568603869354
14.745770191101704 10.72691947412504
56.14999791294149 54.32794065209009
9.718899851205832 92.23693917707459
25.669781583700534 94.55586104948085
69.08947598714627 9.71734833000697
35.40892948588387 54.01531816647049
59.45565729079642 81.49105514352617
18.769688142455042 9.576340578679776
85.39004513993179 93.72424980424185
29.646448620095413 52.393537843118175
29.105534503065734 79.15154559926818
37.11271758293925 20.166618083872045
35.43992969766661 53.61678089684663
3.286342405099174 19.345390911348105
48.727025705603175 82.75845939875718
27.90083227004412 97.95771751070151
12.512963512023179 31.437461791316114
12.35318795598701 52.96156825050543
92.44410330981681 26.16799207274685
92.73778286794125 93.8354291646838
52.675752309678714 80.94212318625577
93.11545574628026 55.27006394596036
68.85729380556074 93.54492636509819
8.819859355900583 58.81509036096715
44.59678692433099 96.899691717145
50.795254637357836 30.91502890788861
25.204279966621424 87.62201930625844
8.426717407760442 69.51966560520417
43.83340536869946 13.114463030520263
20.770735687997288 2.7505600378408768
83.57134427853487 79.81116726320204
24.985894223731197 38.81346565997045
96.3703967115118 39.18338116204183
44.63559878580672 85.33626139469689
17.016644685222715 45.02449948299544
52.711658656856976 78.87499655902806
85.85686776213267 70.11910722820502
33.621984021650896 21.271955162622312
1.199724017432513 84.70981958128348
8.310257200360937 86.24385452505257
38.782067238632266 23.595434316771914
61.7903723244015 70.03859357294655
31.72580076093062 86.3995059868081
94.69873927924614 9.187225640229846
12.293022066227133 0.010020917420106024
90.84457283664504 58.18723921268567
21.25726634216656 74.0733439925456
26.79204407632666 95.84055322824857
76.2057847726491 98.81971172128019
86.06157306527955 71.65332774156316
1.5867981941356968 75.518329514789
47.01923560051089 58.970255520191174
63.41179399328667 96.81956906340888
64.03748769586586 3.901735741384127
30.65447914385855 15.23222741320237
50.68449644834351 66.98196473308991
82.0016726191394 22.75627529073091
78.60673587644722 8.15740419938259
50.96286067548017 92.8411353533128
78.99322247706996 36.52264933599434
5.117902764131232 93.877621425769
50.399504848397626 65.63922204067111
90.94517286635427 92.48649935988523
45.45015518507858 35.8721104040127
93.2852678136597 1.9577773625193529
54.54406716863939 79.12822671964283
65.46105890813818 24.058573873026546
93.1698483493191 84.97177112446607
23.48885620819815 63.903967323326846
72.64011182126357 0.7028735142513232
23.95946590172403 79.59798387133625
90.91170347920115 13.606833329029433
87.76342196517612 54.218395609683
44.82004673455741 4.250003675959735
27.487675950402 34.34296447524644
36.34304036725185 32.566586992153056
62.24397030247184 25.663243104305835
12.051324046801836 43.29164798777641
29.029617830467714 51.349963168552335
83.46169262256858 94.33039924885811
58.97842644555933 95.81669262976594
24.451788272930674 29.630626665660454
63.012146825930735 11.359741383451105
40.091311239287975 92.66253136052332
82.850609596072 67.01177508751111
35.82457079729138 94.83129946661838
97.73112231737518 96.7782740525176
81.17621202556009 52.048806268402274
58.2557225846285 65.39578660346412
55.30124356006091 25.33540620857305
11.81772325925865 33.05500879049359
46.74668288046239 77.82714028276051
68.34488308680076 95.13133294492846
46.2038384929045 85.06632262603443
57.72807977190689 93.662642170151
6.6703346503643735 8.713944233134418
15.106149013240133 82.95126513986037
80.58693704987728 89.95106951793869
44.911479287920976 65.58807686845013
93.33906025830244 37.80022785520543
44.83421201871556 17.44152147668494
42.94641285433545 88.89807910399824
11.091660149964543 6.0802050595898045
85.83258426475383 8.446872500936697
36.90639686896793 67.14728913213067
34.68561741640177 33.30048399157018
16.044455443817196 84.00190702709718
85.93277939396337 30.048622453438924
83.1124347921393 81.09302450551935
2.4840478229135043 33.592852493630645
