176
92.472742939535 76.18980813891534
45.01421326451369 4.817511777396632
72.30814312649068 1.701548202401093
47.21772287632715 93.17093959469418
95.00346487722531 73.82767272479403
42.51268624914718 54.5733288083321
26.61268278459149 58.60876487255353
35.925330934445 6.866810130246847
46.51277147753896 38.463580640818776
87.13257038016413 79.47877638298627
60.673007480935226 94.54665513796942
24.571277749759247 97.69244850594507
25.241196467697225 94.00013030530415
90.26961196671114 24.34337840044113
53.37032403193091 37.58740428634747
57.63436694641049 47.888609992903675
74.74395153366635 75.26740006902808
26.71248816565942 98.46364976087125
52.05216441096972 75.43533179595556
75.60591736196847 57.692199264566035
50.96693796289178 6.329407547606614
18.99157169236041 9.434702204911371
63.14935571423405 70.59667293615931
87.00007964171772 67.96267916331958
98.61662516586567 91.08043987652661
40.04185366815648 87.289566115348
30.366652636312676 1.9177216226183513
84.83467039914233 50.671923520054726
49.89829983930868 37.69430636568371
56.88661419216521 13.10525024039
95.30252130933025 96.6238586878604
61.24999090687264 52.53150590769926
85.90662768882456 86.88133675175445
89.85387800083919 48.82924326932243
41.0778240377965 49.93616409574205
81.29561444853269 28.48919144717108
90.78106144202836 78.23463424629534
28.39023947853966 60.22594873751351
31.985251183019024 82.33758844447651
74.19676557202718 67.8636563139602
53.542984241817734 45.537143220536514
98.01524155342966 27.8559816284783
58.75815515342612 78.07968070568698
8.44852906062793 28.04887869510717
21.54114147934577 64.37071810729586
47.648032324047506 92.56171463090806
94.9982695454484 38.48646581294536
27.504461466412344 22.41031421626023
1.0244243207487291 7.777516557207742
20.426623606923133 53.68795727086447
9.43196429560016 76.01747298905873
21.13286306762774 8.045017917395803
17.62321397672664 1.1381277655804212
50.72653032511848 73.2934082966833
27.423879508959036 68.13736241219111
17.210620429776245 99.48771071218049
75.30903241100954 43.20919102620419
33.75395263481455 73.3307429481543
1.321191785496112 39.78160284878105
22.81720413714574 75.30054364580444
8.823990958949079 74.0672506901611
41.343609418272955 70.59700747095302
83.21451824308204 30.657228188574447
50.69465624778514 77.59883074849924
72.74764434175586 33.94426467086399
61.87655073809207 4.730896340931046
4.137664854530209 24.960049625119176
93.28280028409304 19.547602645522623
11.599867466472336 74.36227618730216
41.72758018126361 84.80004169261599
62.330397045991816 45.50036257929485
71.4299005676413 50.8628223862972
17.48383507460405 74.01592827523419
90.36363941816532 92.24512671415546
5.215900831027797 57.3778879538054
47.52456612599758 21.44344688939984
18.58811649870844 69.77182736233846
27.639243510795964 70.89259001829403
75.4082704181478 55.044142588645826
45.589326464803456 22.393764320182974
26.93357727275696 33.83735344163992
11.428610048561328 42.50816355662269
1.5567136613625299 34.447895209363956
37.643925325856195 56.74351230618174
5.900553113117946 69.29678213696694
67.11028135890713 3.1415501342780705
94.18142267987677 61.27539123091884
72.94412790080897 90.39534667222885
37.35277227280823 59.78637648957081
83.4256516952678 76.76094214810696
74.48533559014125 84.07612037451675
57.86362650928905 30.926408238057725
47.94520382359351 77.96718398747171
31.388991958989156 56.3032231585993
67.98725503772978 0.9370830375097894
60.28343869157662 28.51968940912584
95.5471380397914 20.673236286960993
77.51173504945064 27.517188725452225
71.9105696082946 0.6289782406977418
54.631535777051766 80.46200236550662
90.50613254736946 79.16189575060228
21.018052349426508 94.7663007657531
80.43289374491539 95.5580782469113
48.27139605012216 23.50110706339128
31.09252079433704 63.82407820827862
34.96598840049799 13.339884573992578
86.07959776954341 81.64236516312509
55.89757932844559 95.1844674011518
91.57813756688252 27.240875726098857
0.27068645594796603 21.506240569654768
95.4875131310694 37.38789091702238
72.51646901849978 37.34408492355345
21.61263091992054 52.505904572137574
16.729672645739633 53.50718998849062
25.55782177641952 0.5203881534627919
84.18590698519971 83.30291602198702
62.12573324075918 18.34158811899773
66.17573114897057 16.06314573783989
31.586429295263883 69.66200431964296
32.731579745829286 65.39898498057394
35.73802578749091 38.91028321615718
39.7382935360043 76.82724026760498
40.56228691849897 64.27696383906859
34.827820277834846 44.84525382331679
8.767580573379597 32.73318542819926
71.5098699336887 80.19184539280542
45.1965680817853 70.58975414179565
97.55366313344103 5.187299750637376
60.32129577341927 26.320142722142002
48.449910650340215 60.018010661268775
69.9234219265802 69.9992680017667
51.05586511651698 44.75933450069053
29.0210834676789 7.307208458200742
66.98560032165352 42.72854122454579
25.047567493007495 37.74063798463207
24.52093961546049 66.3891752389664
69.72075169941286 42.77652057885588
90.78880758858816 0.8217250218929384
36.64355151253883 52.49991758902404
85.61469166105617 77.38960622602575
92.00141961574974 71.48625354149476
73.57730472787645 12.478261433642812
58.2798744034258 87.42878663884218
45.245608377219995 10.455967836528268
98.49255662531179 28.104780297306075
35.77559648744906 80.2166618375773
84.5036896446351 79.74433170887181
82.35647434262565 73.51176707086154
83.18918595089633 28.529848085758868
39.05262043323028 6.164834485313941
82.72436886701627 37.68218791409454
4.574137922777388 11.756720397756204
1.8536578101681078 87.6496844401684
55.51432284342851 57.60559339967247
53.72682395714021 10.209883591791591
31.54654742089409 11.936346215477212
96.59874942454412 27.065913560716183
21.440378185358043 61.64025204766287
54.73896564344467 63.18962383787036
23.084705712580565 14.040313000686478
7.096309091731001 55.83504686403128
97.29072724369001 86.64508568953336
96.64155720160491 6.232013576934092
37.90392758366373 97.0194394090996
86.08770340354803 47.63839975114743
43.312939580533985 39.76327166147592
67.21368303263215 69.76396331652168
40.843202115409525 52.8885588964755
79.08964032999228 16.30003691982789
48.421864080815546 12.758521283315261
74.86288635336642 78.51029089832736
96.78246382489174 91.53948621461328
2.013356232201058 37.556648888976206
32.56269929162294 19.259233609622683
1.0836668769871882 68.72082813652933
70.96869945836272 43.35869456306749
