116
12.961688260671423 77.19642734409042
66.39195738921302 81.15880778135708
20.416878123143178 10.619743763874823
72.22980842587916 78.77913707102836
3.526946047697399 55.51064620176548
80.01782940535813 27.79655293951685
94.95014151736602 23.832004144778917
78.55886888006097 79.04581194435356
99.99885852988876 48.44132691597066
69.77343347842347 41.397840820334174
48.19201611079862 58.79511879573872
94.05980428054151 74.13307655601024
37.476174171952515 38.495630900029234
96.37317668295094 49.971769974444534
38.08202751812816 1.139297862120281
5.113153629739864 29.574274052611926
94.71170520373092 61.82746790328393
84.18196371185125 40.843351405682704
48.61586731175019 12.297933905038494
74.5241426192276 93.2689367844627
18.201152423571965 70.703691202606
18.714277024383353 26.102716150027305
48.33687341394287 88.39930686368814
35.80065670602393 58.72491342778222
23.043621168041717 91.18573135416366
33.440253962647205 32.55676101042471
2.41472528460307 36.46468731277598
50.82569658264218 23.778864114463904
75.36160861738102 84.05670711884778
36.698274398031 85.90701030620008
95.12907480547383 99.41069080406896
97.98928108458217 52.22259410813519
69.0093180225616 78.04034975382156
55.14127994116325 25.267035564732353
49.05760305444111 99.77781505948255
46.49126509220817 60.080240365810525
53.25020335045395 31.817158022480253
54.29214579933427 63.355047839778834
75.7811612105636 62.82378908415528
37.127406456161424 70.76370912496854
86.10168959010947 9.733452463957414
24.227327869885563 58.28695727632465
61.763786606777835 4.002296957910367
37.788262663090634 50.785378847835915
78.47451406610465 40.38215108540999
98.1034252013606 57.94387697929191
82.80919343603928 14.33395676246655
33.90639769928695 2.4790377546215603
24.898746587034726 5.236157623822201
33.03174494414775 17.879970732373028
36.61305674840237 98.18276709269149
34.47951452695636 45.902818607303516
81.0876456803955 1.4427368116617822
0.34829089311553263 15.603310619456156
52.10406630734593 33.088791776538606
74.07036182494883 3.3971835703746622
72.11995253964591 96.71527969869035
30.572916390214555 57.44485022172954
50.14477194708221 86.04193608095991
87.25033431968059 38.88970368692235
32.841312782837484 96.81704753899874
64.93939737353189 44.67338299449708
99.19010261233497 40.148073650167724
86.18611325444189 51.73748978241841
3.268398384089477 6.312044192305644
44.48015124828771 19.791756931251413
55.2391665888036 75.52228892687543
82.86261631104895 55.28410086438368
33.1458969544631 36.3610297836206
2.390955221138069 18.38495823261903
63.57287792201242 85.40902961322222
18.29984582261204 24.61045746443179
96.50875229025343 12.959600530794969
44.90836905997311 34.13477913732006
81.32238262858866 24.48833884290189
16.805564552241048 78.53956692892855
95.43406567230645 14.996925568398767
23.050387475257928 15.31160306451701
99.46108617474779 98.99661079970029
48.3560007833499 99.13383445076201
76.70297011996148 49.757436861538686
56.79336323752571 76.72988864678031
27.125616379674046 74.60585731306455
62.6136304334385 92.58731443267743
21.973074311896703 65.77341356105183
54.164720172991196 83.87829303604858
17.07770820908493 74.4567291323652
94.41525471929583 60.58750339266103
39.51994721785851 82.00991675783985
79.92266410698188 95.8304448311909
6.467317355584267 1.113334342408745
90.58988686858495 54.589138754462155
67.94436780845771 97.66298291104282
73.66287878252352 18.701304605173764
31.66772844427631 56.54945582198635
23.65710263906734 46.05691089059262
56.48965962220169 75.75120816125865
44.38003653949277 52.446251581261215
86.38279111510076 92.91430903759965
95.64144491820751 42.03936868311823
27.70164298285762 24.91188375222081
64.849364690784 88.46568494874559
47.682687859863314 44.314873625004914
7.6652925457224015 62.46536933973438
86.56153109902827 0.6934884543862041
6.522288216105476 53.8302294751764
98.41050171293307 46.90680080575308
46.17816947503176 24.438806853832485
97.38697031783165 1.6640605637019412
33.73019028726956 62.89123936371664
94.22658095904853 79.40714574371002
72.65325054041381 40.0600592926057
80.61991565209158 50.08913740153168
35.4127916965022 72.1123410745378
62.220986264538716 64.87235221224131
31.979107264681804 29.988512781011767
