144
5.306805872039666 50.66708742686189
9.958433661066978 98.11893537553871
43.418759863348235 94.80575398060506
59.960207246688334 20.30448437831639
78.7665131777521 8.387902714191508
21.507065636268972 30.94759063069056
93.64057831539502 50.38274413374692
72.2117714932548 64.7937205303146
31.52703362406215 49.84111694072325
93.74232250725423 26.322748555842423
42.33000410151734 24.78181405859572
69.03725946724403 42.795912217267286
87.22870539635223 92.76779441122527
19.897105062928443 87.03479201487905
4.163408427218929 14.658190843800734
77.79847783711904 6.420641536979188
63.80374278795253 36.92135695009039
63.645324490883425 76.27191087422985
22.640182178812594 56.292972991475445
32.38475867071755 8.645426943419043
87.17263995909212 58.89907677030833
21.615798152965237 98.94306076831191
54.17059187892521 55.232277286078215
56.28794222551434 36.54607266324555
10.276800550162202 45.8795844681973
80.44388400413771 32.96673454373469
66.78467969269168 14.709578570704874
88.08918480453512 68.56542357097483
21.49898568353755 13.738965227114209
61.04833127756749 97.82579124055133
57.36101828444964 78.28581848443471
2.2124991364547153 1.4475536888026275
18.30477603798769 66.2539904701074
1.7227763313867328 75.49839403903852
30.680373637554904 44.213043264017635
49.68772573216286 76.9958664405435
64.8948743995599 66.54038647195628
84.02627984667083 23.298344644647994
93.11516467831711 91.87022205639639
56.809431588523196 45.76272450967591
95.59815513505764 28.6869835544454
50.584561385230955 11.443563903560094
97.10074663071788 71.3774183843425
20.539293719178442 7.137699790683816
0.1394417536984327 96.05574116509038
89.37248668375138 92.19081220016604
31.566360837415676 27.910241825651273
40.69413910006189 9.862302308515492
46.05720060004847 91.98697115264305
69.13370178230873 37.23928800191288
37.8743108009762 71.42159516850569
12.786949326013463 36.65583979774216
27.67491343675924 20.029804372343918
94.6036373021302 98.04993257654233
28.723329908003247 64.22974067326369
50.365958573618975 53.18089598828376
54.32493057016464 88.68443625543804
28.586718109374466 4.977009024779622
63.99372575058537 91.74642490260338
48.109737835188824 31.51196569299759
7.125078700304699 12.307418176901875
87.27164544779879 73.57265496614103
29.36607607429883 66.85506987943609
62.069009331705004 73.52362766712916
20.98993153982035 74.9411813145951
47.6804869904843 41.833128254083874
47.02891756773331 90.3613139607225
39.96166127582933 1.5507438780643423
46.66294486885953 55.00219449747132
52.22066094621769 71.51148003482909
53.7409353036316 38.67748196429248
11.432302018569295 17.475620578914697
79.89206958359404 94.006773696143
25.652680438083586 82.35279207143428
15.535153432216164 24.690232625310415
35.958912460885614 27.748485442586755
58.407220983667166 55.316986199807076
64.67114225694093 26.733527159405547
6.361940592948178 59.23761956033521
52.07684044222447 0.8956465031394911
94.87079989040649 34.1087851132156
46.60564233218093 73.34393888390989
25.413602148434798 56.214736672703495
69.33611487930726 18.64713650305304
28.60998128169261 56.57887382271587
2.3412209399098605 94.14696695743113
99.40125109070557 39.99433418538065
56.590229039596686 49.99905616807286
36.509433529097315 39.82228024007091
29.719813945133332 11.672972473543453
6.95743334727138 77.0292957098598
11.726088179972772 30.350794777095157
19.57865748444776 5.613203749493911
90.92523661682031 15.63589267884361
72.20839684342165 85.1862662832027
0.7723928345389375 42.05612945338041
45.05023722665005 77.0770516083698
52.975817472128526 74.02482481586496
60.41322321987552 69.64670038209333
97.99063179223374 67.4180374019186
49.265120673399295 2.6667506610545177
66.76728042931697 5.2236621802869365
17.67932581132765 13.077434883111094
27.514395436583605 82.6120842728295
12.944026407315812 7.050039246154749
27.089113419322942 5.291289959552725
31.286927395477736 91.25418386770262
54.468830770603006 83.89587681117733
19.41475277214485 63.18838151098897
55.326523331821285 65.22784767015281
91.50826798234387 59.058525104605586
85.01318624121782 56.7739136862902
66.02495012272308 86.60606592069074
71.5691262226563 54.735099516623265
21.144891403670506 29.32611668645093
68.85700463917016 77.4823147606267
34.45338664346096 13.388228389144064
35.73142451568532 13.574313161389039
74.71389900489513 9.530135977913744
75.4094217178625 27.170266946469734
89.24626090717473 98.799953630168
63.5330233045595 76.7358291074524
95.59455565655303 0.5180914067963505
57.85842973248149 69.12650479109888
61.27726531627581 21.709216424057164
71.29498890933529 36.7591791263713
81.55951703189247 78.56836072605626
41.21755872027827 83.49422729827512
13.786538230920254 54.27641922508643
46.506493138500375 32.07594457796179
37.43634919137154 46.1159697713777
88.19008625028214 62.56470468954739
42.94360708711721 54.01940597099527
27.057419259621206 79.04429744537795
35.92098161926198 72.5208463622149
69.27352397690245 19.97239607780381
40.23366685904099 5.091904347062104
37.16727269565122 18.956691696833428
22.04192441463695 13.110989801636618
54.123013531473305 7.099614242134733
48.528556929349996 64.40353020978638
63.7872515067719 75.17938304992009
94.77578862604695 72.13890620119642
96.1027986318485 76.33224517252233
