181
61.33502963009057 74.80312195566223
8.323263152733873 91.490977840873
99.65898615134344 73.61900487776364
68.65849715117605 35.42820435372664
4.219677785329756 98.52431542590472
73.92556154673676 10.41565384771339
80.9789720933805 58.8046225196542
19.641372315217897 8.44126905946493
83.64948008326304 59.735476530595264
15.69735094319662 21.443001022909947
33.63783375414579 5.598735860847981
16.02713600793757 41.60017178653842
7.246010084451715 80.88669020997457
36.304291260646636 27.458238902167064
0.994477847860642 69.14917668457535
24.497321562979035 54.143717500707986
83.98999587586367 5.880844471564151
70.30739105641534 55.778753794905676
44.25153337140788 77.56405420028193
59.641560900776945 10.896452041335037
72.24108020917157 9.757304383075194
53.698167022705604 96.22023582126633
68.01706064295173 42.24969334154293
0.48198986306796643 29.657197204127804
73.07434961996493 23.925618169605954
12.124181999973038 8.711880191380727
18.737464891266708 48.20660797113357
39.574302846478396 37.28096313670096
40.55299972025619 79.89379714939925
87.04239238140084 68.08064132988176
47.74318238846485 12.978234678152411
11.349336084702543 91.53448082227008
39.240022393005724 35.08620607273537
93.275306220441 28.917978676520907
17.189127098654623 36.442127292382665
11.808486554830399 57.84355976999313
8.10856883603921 33.87196141943999
15.718149726844544 60.758293259252724
33.00471383571247 1.9138987555348042
32.39429215193482 40.89701628112722
29.2472468727073 52.40138007173287
82.33991695511187 79.36977731115658
76.89571824774097 48.147289054671326
56.35229994494133 9.64027855662396
35.55878597825486 84.4870589784493
77.56484901290966 20.50778148053186
68.44785772120973 21.23117806134389
33.68052974618047 18.729115609004975
20.811282164170166 82.1787925544211
49.90047271768183 84.50084424186755
68.09840579642747 85.62227007933203
85.09624810013504 88.38216035996525
57.35899937006461 7.1282596021895905
41.667415035648915 70.68789461362415
9.219187477208635 70.46613544119442
14.127513457886142 83.57321545275964
70.94885477816553 62.30059216352415
34.154773674437614 85.71023080087234
23.200448812117493 43.958269211720435
45.25868442841805 3.969245184756076
3.8062223863351563 15.755563020666585
57.30077238861847 85.09383458460162
54.914999942094475 36.743757823982584
1.0279302752181363 99.39783214370878
80.71194052172801 9.590711707702482
19.121439560027163 40.92411850604544
61.775099171609085 80.43306299238432
79.55920518189471 73.92955153859616
21.009323964085002 55.25169838097862
84.89980340461015 7.221293971025943
71.68484352915402 78.03535485423583
0.7990822969099698 37.35541206230775
71.86083725632025 66.51993214503877
67.87077562028816 72.77163130090022
57.230799671368935 77.66862324452177
21.353186048404037 95.63107068925461
26.94368445738311 35.60173605547254
71.6532549981542 96.9528325130379
34.44203058868227 16.836019702622707
5.367267939658094 68.80384434717327
72.56625084969193 26.006915118954087
55.90317312532355 14.72160327689328
33.35011758943382 63.7482067342385
40.09502681166725 40.46289424107516
27.863526017436325 3.7378642456310063
19.678494342967735 84.69238363593297
82.24430816012105 19.8070314700841
53.11549057792888 84.11392407476444
23.552481624775666 6.480225348091784
63.74339224138431 92.43238312915027
22.340875691943207 31.93277785648204
13.62568451879811 27.444237624346435
91.92871120049337 0.9197949171647624
34.47943134689723 20.616460439996242
96.56435127661186 34.51685662181696
72.25321657704026 42.18833939529868
59.67124608165694 68.03086803894797
7.357168222573474 18.059086061515483
71.03431276281087 68.80232377961461
95.65004201439343 84.40239717166594
47.43397096202779 73.51108835986047
81.05919178369572 26.879684366042223
1.7827433357106348 11.626653305841772
0.11484981134011196 10.39849420191159
56.959210377549596 73.16685845949957
21.095575949381594 97.38593609256102
16.35028834295966 15.485860216449353
3.816720585946709 1.0788156647745684
14.233916510853284 8.196638069777585
94.98228529298832 44.69420061207161
44.868757323189456 94.79804421512806
99.99813493172704 89.44370558746289
50.26377067893873 27.468388122068667
50.09151284101831 63.83129187552766
44.25775567516435 84.09088924191981
62.820510335351486 16.523188378480402
97.16529234128714 69.51062320702354
85.3206831035439 58.54141826536561
45.198656184899335 67.60928623094551
54.16925719552782 35.081341369727745
16.124347166784368 90.2991427256862
44.072385839494785 60.439137398865164
5.469867965822727 53.31547923636586
38.352048656658525 80.60055868557781
35.93308972872524 73.59345331897707
79.70170364487093 77.25994932309744
94.61052051228621 84.11840637383654
0.17064764612888528 49.83276008099586
88.05504236951052 4.7007448653285655
68.94036986103023 54.56804545725946
66.93220310812042 79.65745839750883
28.765522815909872 91.30148831638311
76.5664070044074 36.960258403276406
24.972237539111518 84.03353413124707
65.54427801549132 30.65300774176386
55.370312850586956 80.60349230379549
51.71800717991031 96.62606386933618
62.16712223456826 79.17922030806584
81.4394118220146 51.127508360455806
43.28030623545882 98.53036285718264
91.86910204627154 96.94771994447403
72.9938335923637 80.84474373402666
80.87878962788534 33.05303720966701
42.94128797480485 39.79623659057903
85.45934998694273 23.695668706777905
66.24390278625097 84.45333294276698
67.37016406689546 41.375623248152415
79.61701951138718 21.43835680671675
51.421913998801074 79.40941690620714
95.1745880703786 96.31901517226275
75.71638431427843 77.01001463494389
78.16576405773237 2.449671656887653
73.95048797190984 64.67041057058772
83.02807156819341 9.093579706671973
77.72809857342754 73.46257467781227
40.24466946763946 19.384226138093354
69.1800129321527 26.002006426392054
46.16679395569739 23.755038288852226
37.06719880295536 21.83459660162962
10.086261764599424 8.292634853102044
76.89494903365038 67.99505697706356
21.722064008194042 73.98506872139261
78.99275204631098 62.88705287886485
39.45669287353427 89.85572747400481
68.71660266575189 79.04940442082452
58.78806365858069 53.98760123855838
60.02128802198483 46.89037815038869
84.63118658426487 54.00576849290816
94.1950820299711 34.54571118015603
85.23606581536269 51.645819046931926
26.27243536455054 95.02783061295779
53.93816981378631 58.611025778488234
35.956494452041014 9.783334062187699
64.36171209483365 13.48470978763081
74.93775278943619 45.833603532201636
33.189687866414296 61.29521342581389
39.166262546853126 23.566741011131153
56.06202406253591 87.93750614822005
72.55091195485764 95.5768502657468
27.985348863737837 19.025659362749316
92.94111248391407 16.29461694748935
