17
84.37480466470771 56.3234456863219
3.5332865848296535 28.271569750306323
43.391937892394864 20.46624898442444
48.30659173391582 43.985648492223675
41.477121230232186 84.70466786619201
54.8216916896536 13.7276529471555
71.6954986300077 44.50121046248155
6.642465215586557 27.50410250124531
35.53622276355416 89.02500870271808
14.480168767935453 68.49814350597579
78.18097474970772 87.4755603570122
90.33093250054603 30.12133706412451
99.21269733683212 40.578239486477344
98.3580366373806 32.42459518850364
32.88127834418854 56.03241354897642
2.297599475297951 1.5033767302337409
70.01019001041468 54.011677116432836
