168
89.64372828580832 52.94514446026382
47.83395743168494 79.16074224802175
8.69118641736647 5.397222170695127
63.47944025911819 90.41115668693548
42.9378958048693 58.0771570451752
47.621206494898196 78.48796722554395
53.512704347134964 58.68336182707375
99.50730920910117 30.840529300093134
17.5762477739131 11.384361857521363
6.49901532267595 39.09985513926707
63.01573897670075 70.5854381263649
65.2543330362507 61.513194355461046
38.17378618518622 5.310985670729707
78.75554641244958 24.812818525420354
74.52246390681239 38.78697199997174
85.13069434816246 19.01084647107337
33.43535378124477 17.588328302381196
30.372779254410354 75.431681204924
85.47752505643543 97.00021665962213
80.86631829151806 43.82587356936217
38.67653777588721 48.252352617772466
23.551776925338118 16.842982113171544
98.35654733484517 99.97698714120466
16.08993396799384 18.654766231467633
8.294934179605718 69.66035886145157
7.844291339062536 87.26570380487419
69.09523962293339 1.5522725618060784
1.4980928501543644 58.38418144224015
66.30316834393352 44.18650544094114
8.546833324174042 68.21130530252968
80.06766614952836 51.308085514581414
32.81446709084075 53.38072036285797
6.50744981765431 3.6068824725004167
34.793024138237215 19.84755000256334
89.59204842204102 22.302106840292367
52.39419743717514 92.40656082895963
92.77933171859148 34.40582043965684
73.87903922302814 64.52002082496648
32.54650018066489 87.79187875690762
65.43306641087884 67.47419227013806
31.512803603099037 84.91886140328212
35.47660986448644 23.648804716560722
20.741546516011866 65.35581602666726
66.10702510174413 78.06679120749823
23.48609266007502 29.250135738412496
42.45258910807799 10.913257299912848
28.945882846061288 14.884503636881064
34.88830776095423 72.15243092877222
64.12994208780461 32.8036148790909
87.29359571339208 4.4722215962686
22.090267545623078 48.45911735327621
47.19524330177881 0.03228339874016273
91.81294968746407 97.50451730984967
26.84904067238184 57.74177559602987
16.352808733749313 28.046622422840663
34.77009271069992 15.041885698270052
30.603794148498075 29.41814404818386
86.9786201645747 66.57462181263986
60.11486387367283 5.571581026392836
1.0968022536818611 12.452134874781162
37.04598288295984 66.16394638386231
56.67890620127054 58.44754349162742
49.00116284126549 28.10756634872441
15.274385631295573 40.82691269934017
90.1108787859868 84.55196896227609
64.85802473536276 64.0167580377167
93.961726651066 76.3912732406038
78.29813534021484 21.087667005713396
60.859976433376985 23.023845561221556
38.427656894717174 1.9315429688425034
63.87652025083344 56.25432910304047
63.90893778362031 7.604199341351059
56.779471524282144 52.58382995797833
94.62550850355306 50.91137167828704
95.14617847099441 85.58494338792434
13.17489734082372 53.312605922915544
59.35009541849014 73.9284208569824
95.90397448236361 55.62090603573589
97.01596052937363 38.49309244320127
52.865164363978636 90.83844083615702
89.32830460733389 98.64537180805496
86.29740379164278 84.42727084916538
16.275141148504467 57.75587106732964
76.08262489953677 84.46710343113321
58.5493132443088 28.834052081411688
11.134135647433329 8.306402269170421
28.250876561707006 14.001694774656526
67.04771133110626 95.87191029054625
79.60268471585559 23.164684288744
20.562313018409995 71.96009408229168
48.72018606424673 3.1706798882466414
53.03207928908725 59.116031703751744
72.26398915013249 36.64262612111453
34.645091526061236 41.55614475777607
30.43983655849143 8.934281986249681
91.9228448340047 61.85957539250023
26.34971680256729 79.43859252271514
93.98858823201735 11.085304234837034
67.69704995365471 34.569718786399875
10.349996288624775 60.71345801466319
53.63169969020179 11.52486034843564
57.107518262323886 14.219243330280396
86.07141882391817 46.999183180541806
63.41734844299112 83.9543361824228
4.334268198841517 13.273372138118289
71.25397349337426 73.56895579106373
90.41957440838148 69.30260127620164
25.966743591616538 0.4121259913329456
88.25432323997825 67.34837082594001
77.59476405084233 27.767016005554723
89.66004106162289 90.96547070702886
33.98306915129137 68.10929512568549
49.18829522788633 37.848494742092974
5.618337997368872 8.499858237776603
16.119954158458082 27.253392170117372
6.795469323284609 40.7054063997212
98.21138950975194 49.34983200028715
23.000168799560228 99.15127559941766
75.99172093505868 36.685599786772805
12.044276599070757 34.05778827596764
55.25405809267371 96.82234063256992
59.84265339141164 24.867428055862774
48.13044625356553 46.85856639187528
15.449535176411455 86.33197510809578
85.45152556015333 72.07599737696583
36.361251202003956 33.92180188941939
67.52735011447368 84.08831206437716
9.759809807201892 97.26667834748038
80.05032871208051 32.16612104773571
7.637225665915148 7.722861506558909
3.130217131458879 40.742482390959765
47.50601630439428 72.90820671223368
36.39433074908555 71.64431112390578
72.41616501631239 73.30638657695947
65.55565079478295 16.103604433909513
64.14023860424585 43.17564846169928
51.639581595435935 19.9330854628472
98.2163558165343 26.123216529657977
66.19769054931089 43.13494220498626
73.81496014841741 83.31783643849474
69.90469433801947 73.2431489837402
43.204222317946396 42.09617560703825
48.85527451903009 1.5248860495607586
93.50405676040414 39.269209785660586
85.95714658475 52.92653394218877
3.1651430643067746 78.60471361632949
73.27432312237191 39.62636935494677
18.597232145415 60.70379402441883
3.433885483847776 70.72977791820699
20.058280374908843 41.54147931743106
2.0847455835547257 23.481841058687824
57.093652196492414 66.84543711896677
9.478099997890599 41.95010979626651
11.714087588112898 12.54078718152789
30.227647782964883 86.42763564869304
8.770563069902316 46.83189803994803
29.681094933824113 93.34370149667902
12.046351750138884 84.2807412930605
88.91799064057165 80.58046481597982
36.42069298338559 71.41000681945341
44.85007146331236 61.59549357057356
81.21786306542883 94.30233674045724
86.5406839463049 48.49623767528687
99.90652893112971 76.16280310757183
40.450916202351294 91.28743938961924
98.33034482868823 70.29065790130059
96.24422449623971 34.0449875526177
78.94470734666406 60.77960785985438
