117
36.10636024107394 99.98354889505347
94.38967485217391 45.980728812288454
13.588236328144399 9.440686755371253
9.333735265398191 87.28374278227635
56.98767265398573 98.77277551290467
39.97808601142976 79.92930242251535
95.86059070054955 3.584625259797558
20.122429147739883 69.28466255573784
54.16805494310235 48.02227309285571
95.63864890790326 98.42793868028919
41.756567733817064 57.474632722760255
68.9275454778968 34.75411478980936
71.7091703204177 91.4281382596383
56.87599437578547 14.314906551518058
93.05399084278437 68.85067294166693
13.363952864612017 64.47069185962671
35.25134005003233 77.2252655699666
15.856011879586218 64.97399141776573
24.37319385220934 57.034598291098185
25.31747495673947 45.366157505656304
7.60471382608382 35.23028717425311
9.082654905024135 30.32594615660046
16.12123285454886 95.38128874616262
95.30916756674796 26.006255696388813
44.30344553453853 58.44658048937262
92.15621145393649 78.06365927309578
50.774915167764725 51.21890743488346
8.120023752150674 42.34340944184331
48.51559441784809 34.73381418612782
83.21416221763572 66.73339516231249
28.897234201123123 14.753781451574355
23.361119127683473 18.446682599807428
30.527548431943096 33.92112834151867
32.44116083468707 20.694921692550427
99.77795731764981 81.97405570117583
94.53932094623426 33.328546484446605
69.64481792028121 48.46757220973379
45.45007713042878 12.556392199147648
8.634564621198304 22.383296373573636
81.28975832064125 26.016674670244157
91.26771341771371 55.24976294532148
6.065482643443776 59.142001804460655
98.46016189684788 92.66078707127029
92.22325991322732 89.34531412040191
69.60781356131011 24.830645042397204
55.26608295164333 99.14683063954143
17.510992734717913 58.24064308022998
98.84987745089788 7.057889210368606
53.08704740944182 50.980368273253404
95.53490257517402 13.21415319156143
5.377799052212917 47.47194425618628
46.23391888529734 35.745166829436606
72.49582261194229 46.642022595946976
36.55495684364514 0.5585428866113906
41.469073462790185 39.91397019228795
27.176023868808365 8.398862671656893
2.5089428844945694 96.99563987723886
52.908980365284776 28.262503795492634
44.52937390154391 91.04576552055893
45.67638499132447 95.567885937551
67.40550701799701 73.54718407214382
14.232021046228294 99.94092512863226
39.94951207634772 13.22533477404817
48.54407330620782 52.69243046333935
70.64782554129455 89.37531270513449
49.00090971756501 72.47682030984032
69.4137173596816 85.46944752499432
70.02434181015757 50.791763941636006
30.87607365555526 39.00308830983944
46.22265708283874 85.49451948581772
9.39923947319995 15.273726066225802
35.70717739906563 47.666371877210864
76.71436899241255 21.873008038119934
58.20724926865404 65.74317931764394
15.233483842843343 76.70768797127704
18.921434174418405 48.449845729456996
53.41147902986083 98.25865167186592
97.15864482306851 30.845207997741543
85.03293332215189 32.833715300854706
98.19677700007232 13.083088272476907
61.10523644051722 14.814931879440351
13.330861523280756 50.99987360747073
26.243663236717286 97.68907418653791
68.82521508737793 53.734416495958136
92.1123845778871 27.859944206021936
12.563197314809727 64.73316718754074
90.51193958529217 82.67810891333863
47.12771586057771 1.1792956626490159
52.86208409083686 9.231136487725266
52.11830383052999 9.170416253041614
76.81939632686638 94.2425219733911
17.007102228441983 60.7406009246532
96.02459532197479 55.747061963742894
65.30463681012546 63.132788172441124
45.00971765504755 23.2117381603575
3.586842857839734 5.117123934593493
99.75271991406971 49.24603289371506
14.939543427747026 92.83125429919554
33.631056581447226 98.57853610382209
30.786058793764415 96.24317286371692
27.506708281596737 40.89151561793077
55.76678417839823 80.89384639166087
92.09721019797543 3.0520208098000934
8.20447492080133 52.84239686542982
53.884181388100785 22.777180021219035
13.507764239258446 97.49757737386727
53.91826948919647 14.304133421645982
64.35434473429036 74.19761578941825
14.40109557300272 6.546300376732194
35.44534039297606 98.09529953309443
73.62586569697999 66.87349980981206
17.63199103391695 47.49132034968293
65.23886358926399 0.0495539562719749
30.291935573194873 89.7543337334663
58.90218476381148 47.422976197476586
6.429357716445427 66.2524780854788
36.24683678147138 42.27466365549139
