121
44.2012130895581 87.13280515759585
74.9579225414484 24.92553925059585
21.227525033088213 54.53327444604996
15.938185086245726 27.005983045435677
42.4460011075504 87.99178761904687
83.19627197322585 34.45506298837463
54.11228733297013 40.417052122864874
50.60987189078803 68.87682480073947
84.06222009218136 42.940320793127974
56.77789440106916 28.101417805607763
58.37279750556906 62.63518864403706
67.37053779999772 64.70013120920024
54.67887345540492 48.40943319667366
7.444143290378258 46.99705424870413
28.697732496198835 10.943791516962964
69.93451402658899 94.24890009497085
89.56037146893617 92.07739594097997
64.53899740655949 46.07310123616115
51.28033085800513 28.280216229829634
98.7902862640926 30.866161556807125
83.17398654954957 23.35489256112343
89.97673202509681 24.912017896758098
5.162331463717673 72.63888959521397
66.18901026210045 28.662760618965432
91.9962120720356 56.81200679772244
57.99918317387962 45.57818258513584
85.22264360623531 50.472074618086296
21.5642005638892 38.907069321797835
77.62569789059678 80.99138978094729
49.892664353354654 1.5501820994740179
77.8983132980319 47.905496094480746
97.45986083006513 46.71858961516111
54.801394989546196 66.87967327802502
19.042097429687523 99.59086640972814
70.63494943274858 40.481006611817406
25.054433556165947 86.05253914306303
62.65626216142528 53.76029190959365
68.87196243478678 89.89330366633016
23.817763210897592 3.990644467712545
95.09027641837855 8.963375956791175
51.412954766509934 33.56649419050477
94.9028233968474 97.40894843962525
5.35004314896681 13.537207558627095
30.649869862697678 3.4558257660856406
80.36051512399962 67.25162885725754
33.95565815450847 82.94137559413146
5.681685620261224 31.042822931087745
18.418686614844404 37.98556543970535
44.00538789285658 80.95603296171234
44.49949526117491 77.02762231249437
80.56685651378352 17.447259605776612
69.88488694989941 23.855864794899585
46.84720164015391 78.14722572298164
53.53792962881848 9.68418372840587
68.15280120144129 89.43746721580558
52.360964954767844 84.525542787826
47.35794448837994 68.66819704538551
75.66611406159637 2.981287966214996
64.38714087414233 5.037542882355595
30.632206829343588 84.4394497096268
15.84992511582588 43.38903449980557
38.06672030663671 97.25185552541292
64.24582050583129 35.498916123411895
83.49361413719866 93.59244971109845
51.53812133711446 95.25825984711275
10.728644241121831 72.4128606447568
31.50517616769536 58.186452146416556
31.636527273439786 95.98747796287793
2.027579501701282 25.302265141578275
48.79487732945012 90.37354801630313
94.00299425271349 23.694672444186725
17.841482961198263 44.28558213422339
37.34201392372959 21.089791004434964
90.03408074251912 54.49664992154789
25.423932160176456 21.77818941519477
30.917861170538032 70.7109861422823
7.603972128162651 32.28137407582982
91.86716004337666 6.514140307813832
58.24844661730866 22.90485519811777
68.01953139785465 55.08660754417749
65.4687328969326 2.451504506946056
83.43540077095936 36.49100505573068
75.795167017932 31.33929443297534
25.93477941266693 53.76238947569386
30.77672685482916 91.23713146011693
96.07185995301654 88.68139813273828
56.21422449418761 58.415241243943605
98.46742445429209 63.89472544278547
31.79921748496426 68.03064681345215
45.9858056612227 16.147823919250392
52.55101635755641 61.39887948584051
60.280011510307475 20.973733052606658
65.78044647996218 89.6458223419589
55.1790492065781 27.018857005652553
62.486714047907235 7.448014672905179
14.745783270753565 53.45760257787595
42.00774664020762 64.25468842145675
83.00429958301704 84.06978347645247
80.4446361789689 23.397794144438578
11.360785381077832 7.8077898896409925
27.274399205597145 91.43000704145022
15.292682011581382 66.79272298977375
94.85300452998166 72.73172478531778
35.30039252443893 65.43691986335243
89.52602275800288 34.365472278488795
86.86721885462038 38.791043277198945
60.11603148449086 90.5708508033513
23.24941178157903 39.20248947595791
64.867849098624 27.57275033734864
71.09516597060531 20.427545654630876
39.976333984236554 54.207020614779
73.96356397165077 51.070328090682324
46.718888216296946 51.72268416063569
83.76948671294923 43.93106568286066
32.94647563469033 61.82338292750617
46.457831516299485 37.48870446345431
50.69245025135638 49.22706766423689
3.6908035297834707 88.64444062022065
61.197683172032335 81.79689543564412
16.920411508697352 92.0372264981725
26.343856521147845 42.846627256445004
