169
73.3334562137375 93.90166359288855
55.29736006080499 39.69523399015276
21.528279367417934 55.73609511032971
68.7442950076768 52.855318914276715
74.78415155479817 2.4611238606206842
55.76387456377797 11.871000578737679
53.72429518400336 72.56796951982258
43.729141898984636 36.859986925138585
58.8637930740536 46.01624127285028
91.20706404831719 20.667795302914172
24.461111521165215 2.5467114791613454
39.48567619546866 20.996912806899747
41.95866832261353 60.472699134332885
1.5533213407895152 24.615510937576733
11.502939796841105 50.06298272463994
17.58143502335221 31.490487908063503
1.4313611189437636 56.376145029890864
29.664746411769382 36.545782976136955
56.9917121633714 71.05029716055387
74.9662336138607 13.661617703016592
58.24700270567082 92.02702605826215
22.205626258546186 21.32370000723457
73.40871143953785 43.455529348478514
63.92191033092036 96.10173255756098
12.890215470322397 93.87714273069695
31.299785333131148 23.618869286681253
69.37389332133667 81.51483975134238
16.43348808859676 42.69908370176775
33.09171026279641 95.66408494165401
63.530740524850316 19.550414522614577
48.78687163990724 15.600194792670363
93.23884038842634 81.08099900763932
4.9806463343629375 51.59005573905892
31.86418513809899 68.94503034225013
65.46568073355456 44.57520530069198
44.553249533875274 92.73401162196755
2.560114399810831 99.28072536191624
5.100556518276267 66.37123288057472
28.68572541032052 51.546657079565115
48.43425939255255 58.472898660083736
60.67191751704873 13.148008485128448
99.8401393164187 25.66871478688335
53.67651762105156 84.81483178585577
42.74586282770251 46.24866547290784
7.900619359474814 59.15437354317902
47.18903668147767 77.04464311874268
35.28100109980562 73.70016077687634
69.37302402015698 96.90723654076805
40.06704317788529 34.111743922327285
48.40295208782322 46.41481530393394
90.56733389023233 54.034850810532916
99.89833753624 22.936151299772778
92.90793660982139 87.59106901653844
66.86193699723175 80.01343933493797
84.30341037921318 1.696427895095698
8.452780994634324 12.194766091576659
24.15831541268213 94.75290510758127
12.048443080668502 25.42504441678235
30.209119445238663 1.3180176051097892
8.705894505039469 67.09168348101124
27.870875613944147 41.82291866539069
89.56561573180912 26.48634726347485
45.019853380122775 35.15514890143816
84.86575494350738 88.595016651874
38.56317633526223 94.75616505045843
8.541298570446498 51.763137446093396
46.047688897454634 49.250476088587526
96.65266054912094 45.189857937554564
20.867434189921685 53.75857806517369
81.29632929089024 72.18050877439416
20.225315697131197 18.44532882327703
96.63617835597755 62.12879895158326
75.5885673755039 2.3536371049280524
46.5196342784533 51.08680057424824
48.400456548969814 6.142264515293217
28.026390142313552 5.817351452334485
67.41117714248541 75.95377979121434
26.16280773620261 37.40433971009101
19.850863577030818 47.1300009118435
96.72172842744546 66.47024318688189
36.02140214583795 98.13471506867427
35.876031363530636 36.438414401528476
56.74756102772188 48.33248574479406
16.612485009886 48.52512619770949
6.018454876573276 12.644000739773043
89.36774398065332 20.186537933422454
94.46853118164006 77.53789012147321
66.05267367222825 81.09885807797627
69.8216513602003 1.8174434385002547
9.288438065737804 55.8821405733995
54.1651705033887 22.223585640980136
35.89965000152554 34.74055275926582
83.7773669712492 34.99827464583358
82.86473118315347 96.0707272631935
45.23327801032837 53.508020587257
90.90101878014136 53.483244418143904
56.021153115258116 78.82884285653164
25.084233779119124 44.81383763083715
18.512242970440706 97.21838136688781
44.4260740065692 96.28584401692187
49.38276375144367 69.56211912921832
17.30090439504576 72.34510214707804
59.643534031590114 73.71317649767246
89.5730552980245 15.595614176204409
15.631597324099733 22.28574630490523
0.4592701877690786 90.37140196505594
49.20900558764531 49.380142493701015
72.57629425172233 13.979761159848024
57.18247022660875 46.285704242557365
68.18579843172365 52.24957595229481
49.03026934261418 91.47923646456441
58.0850340791743 34.7876523915711
71.44253943534436 11.76862324811606
37.945434930620166 84.66094104823345
82.08079730817923 99.61497963722661
82.05381676097471 84.17505302911734
53.25276410552202 16.5506838866635
17.699753219767455 46.13944380331223
53.06658593113396 7.872182597296106
89.17377649649242 61.85416163722272
50.222027432032114 23.505176656809113
91.41368559750524 10.183081221860235
59.11329079894718 84.54218384899576
25.084240550962946 83.02895772019056
94.4009328114716 0.3166733694128787
54.28127749050966 72.97126523514413
45.06938175970949 41.02928196587805
75.10947609865516 99.58392261077678
91.5961973663033 91.36538959807558
51.81749836847979 28.67148467644547
68.38490251039882 52.16933566187851
7.5876217406255275 85.41335437625486
75.24240861214635 5.273636886607336
31.189224378874602 36.60851315605799
8.49278133007003 79.40109093965788
33.31164081160257 83.21980652001749
77.6883497653158 53.60912640359279
85.32360417413824 31.137782520658153
91.84476231460852 68.3258438192985
79.97715901062112 49.441187182178304
17.881889861057743 96.1005360669229
88.629735163179 28.221295513880186
51.86170805343262 52.37542182623696
17.459801454123248 67.90425273133884
52.154550956701975 57.305941806468084
38.52994980242907 71.37379623861109
44.32857400676006 15.439565709785263
64.12679868950346 21.949950551410925
21.466121720402775 2.829346431855273
8.39367919518712 25.88666763082992
81.27853173667232 75.98117488073588
19.806350660762273 28.300571588769962
71.31874325580216 45.21779457121681
45.56040794497919 76.65378303596232
66.46105941965769 41.905710730606714
83.87649290647862 87.60990005220316
79.07343494797885 90.918479773832
69.46316676910153 71.1114707174825
83.43801716926603 4.692622190607654
0.45879644956180465 45.67566201743305
79.53766667583871 21.973626252279022
35.52421455385479 34.91702542702182
61.79774255094822 19.622301225521788
29.872649514964845 55.4557766007847
94.91764207232502 98.8941158590888
45.40328374654421 92.50197980767862
1.5215789183363526 1.8770740702509392
33.81576865712734 70.88754522187288
58.694153405811825 45.957035121083145
