154
60.15556957977287 83.46175755063969
84.69698813295362 52.07457070340897
30.39990571904678 14.430213300494499
85.15054234162534 5.791901397992993
35.99274354350857 1.8054123368663744
57.73905700512263 28.016576310567622
85.74628700846509 54.94763268901796
79.86546643920967 86.55176786324024
16.853610869153236 12.691791373908146
29.00465912052622 22.65357815638911
58.56883252342408 69.18758452845772
72.62269188410464 91.62639120351118
98.03764209369953 29.989344351222037
55.616977183047354 42.75574206604248
26.168346639132277 41.58419374723804
79.0401861269176 21.768958769807988
22.03314999396434 81.47603910413295
54.53455476719291 55.26887365608219
40.369949475226996 59.18939146089793
60.912953762203294 70.10873916849481
55.27573891964407 17.222196772517194
19.92559843583168 21.240642725828927
9.404356799593462 47.01229143698885
44.506892263103815 63.65762949877303
96.16320784410036 46.41169589676571
43.84408013540239 35.88617253930716
30.41214566890782 99.75544652820784
4.920273310214962 8.140775471531025
48.526404475806785 86.5949139676069
12.818094094875699 61.47667551873507
53.53007084546403 92.1253577639222
19.236366782865122 77.98510545945318
44.54871723250555 47.14114639755375
92.94302099329272 12.95039684646282
76.32346983404346 20.764973866971204
99.05780769557595 22.86418837165176
28.80681269572023 62.67435347254943
10.989398077286916 87.37668323003763
95.96966708668124 56.42067366375404
54.56943556989201 34.76992176378503
95.89867958094334 77.14393057104884
72.14656079112632 44.23746720750293
4.81367507553122 15.889262794904857
56.686496258522624 33.86289004062634
27.93697869431191 7.727391927077454
57.372621688909994 60.5239913080823
6.686237548750151 89.11623772403652
9.155427026022 27.62756449115189
27.61604470687865 12.995376334207965
69.12530712766262 8.062933115852022
72.29011560850789 62.724332373187906
50.897702710357265 79.97991785758298
32.134703748298676 67.87909525475351
52.10806243595629 33.7805298024344
86.08638575179499 73.69009697085885
84.73198829058995 30.65252504483681
58.086028019018286 16.944181643090506
2.347955297581672 56.91819847315484
66.55344544600503 61.15000591678221
44.46106771597182 89.76886297491887
58.99538348592187 39.6750633513565
80.20265356854334 12.593549938978587
25.45258487194053 83.34659422550372
93.98932864340266 23.049557460101123
52.04462252256125 64.77695315362665
35.48810631141384 36.4423889819668
59.34378439623137 77.97071767181326
90.1338872354746 14.268193414257535
96.82171646843216 7.761225813565242
28.40253141200928 95.37102497707168
68.85711509395072 16.834194637895628
95.80296917378371 66.26445069534746
95.74477963994833 32.0698032894579
27.99586363277222 82.01563533039382
58.93322612898216 71.29933455403908
49.70047771279743 31.203331180239
29.63295824636516 54.466101939028555
77.76702471534477 95.0714894169452
13.305097720043912 39.12427167756153
82.66067853112517 92.6036187337133
80.25456395672468 64.942324563113
33.687497325464946 95.44355610840984
95.6118207917638 56.323287305882516
94.70045948119076 80.79897111315307
88.78208885751854 40.76716013283629
57.574728084485436 98.62998852827664
66.62545931980752 58.70701753356868
10.536046335602778 55.39376666932333
25.219310754518233 98.0592690744532
18.261926680089125 50.19702859322811
98.12220227588789 44.33683897661893
59.21291026331943 12.280192761506726
26.380213211915915 91.826381417377
58.00942681860957 39.34712272808408
51.48558756406454 68.1860219683114
16.44232040425184 92.69482821708023
33.38074866208694 55.30069158286489
0.3999240508891555 6.970983851718982
59.003097721683254 50.85500570895072
89.7894557020685 62.20968867440908
37.26574154358113 49.47359333979685
50.4180322836254 96.10617098990888
62.779385043642336 42.857157975302776
21.020423355893094 69.84931944869808
33.342069724647075 82.78294908602109
99.51606643467589 73.73336435155895
17.778998862368777 93.37666078278052
61.89212205606764 34.33696584910635
8.369116780514908 83.77701164809801
1.507375069144301 94.9235434376264
64.3025721722462 76.46936987002057
5.581703408700278 79.42240188548311
17.888123718433757 32.89774846427442
4.285012949293332 3.382213871727824
22.079942764979677 56.34109910208443
19.221264768951706 79.61436681668637
53.17801462085898 89.48789232096141
61.39867618447815 37.900967220802414
21.65145339808604 97.54103869352484
99.45807925673412 68.7570416342893
20.58144808109075 73.35258669046
67.9605563109399 50.72619850342522
61.342410843194294 80.07812606789297
82.49550852253704 97.79416017097934
83.6770629777789 29.249739202346603
78.16245162978431 67.33397023549361
46.28414466845805 71.32330000150618
88.82799401320511 69.00014354210764
42.55457956101125 52.07223782219788
68.03420845148574 26.15658111601158
6.635199053728968 63.40916838966096
80.21378336160663 4.055087500671728
33.233052672100726 43.041873688731926
61.852022018836564 16.16099734957468
30.168960339735186 91.30956499214726
92.89915490800884 58.97339473582538
69.55632290515912 60.81256707243119
78.84528493539378 36.17163454879729
19.873154828607365 89.44676866197841
80.42040475203265 7.035398648617052
48.665005558340326 57.626175106713575
32.319467571557595 3.8990426050852345
64.84694388139235 50.06606468356608
13.18248249536772 90.72123885734618
21.36285741773567 82.68884577352321
81.42015077054019 62.30585576510804
59.80071940594658 5.735340742937389
86.74236466596354 87.94404704912058
79.17183027826921 29.929632009662367
51.61009784470107 23.65774973904593
0.9171416427730783 38.878185909225905
54.32741715702941 54.191742754197605
18.600204035907353 93.7894597910597
76.03091669617189 14.80913146803008
