198
26.078795497953255 69.55581847841721
96.81511822766453 82.3768468784792
16.50858250463284 15.775651113282551
80.50286350919284 67.16238217726091
14.034049494014411 79.27376776223925
39.95444419498965 49.47525105090147
64.03297717696823 26.437632499012263
92.48514386580915 82.69411942002549
69.40343642742273 72.57864994529895
51.36513655676704 1.0893540424599446
5.322574848726247 49.20818970857821
96.29305144635019 22.584432280469603
32.472786807148104 16.485312823501296
5.724799282220139 86.7612149852969
0.8304370279554218 41.799799355089796
3.9461858271448658 15.499225978368958
24.02301657281779 35.98769621903016
55.125635292819965 98.74165575454728
93.60859237025488 50.773307713394985
60.675725218029406 83.05679522292961
88.40728860736061 83.71890196140782
84.55437316766209 68.57265323456906
53.6303961985233 41.13645460502522
14.345027339700177 43.25534955221947
60.60361542099767 45.00354965009784
43.972520406647064 58.629745060586224
79.28353326574475 40.61529312521701
25.12361654429479 97.48927885166083
65.03070642649769 1.3209360656749158
29.275410959883974 13.657622936307078
25.191468775956714 54.15028914012626
31.281650985559363 60.93168982978623
26.409939849061935 70.97448291466168
46.600253558380764 11.233789256564553
85.88038533686893 92.40805719342103
55.04934945966695 89.17254788190276
6.6589486060192 22.44177798120083
49.553362433779 15.65104390914287
81.7712399850984 92.94025679761204
69.30918465556891 64.71313895526947
59.68695022214698 20.231498058141074
97.93346095507759 63.35264169990437
19.69235334433722 46.136669855847344
89.82612994929906 25.810945510716333
11.146981525019338 68.67713967622717
31.06869427988822 84.0921201609342
41.85350056277637 54.624111308085745
54.58393299431581 22.26439520175103
67.60475222121387 55.37087129828669
56.964492137517595 61.736412807495135
2.594491501436813 31.55979643630228
92.9118886866105 56.29274500770772
39.92257350046544 98.14716443178293
51.340167290830465 82.47707851326398
33.824016262775636 38.13520154405804
91.31912979640308 46.3282732180532
25.414014446437218 53.79119064136281
74.69391185261864 32.71131273925164
61.39337894217943 80.23064011149397
44.33800382372199 66.74241802425314
50.46429716736341 81.7001525606902
3.4275425394017622 66.08747020455866
92.30027615937458 8.205050885045873
34.90600739327403 20.274055549088843
98.29770934484854 7.8715026453355925
3.822880219058211 75.68254819501577
94.12055095486981 10.467800353757962
21.439882643262198 30.294911756206268
45.739765390703425 19.84746405348212
13.647752913542565 1.9201367299044203
66.33673837987511 71.85302657072002
30.664512759974926 84.2317809373354
11.234143390747665 5.815340277864623
3.6688160130078473 98.96988075060051
85.27249564982814 48.36228373271327
10.093522068975124 32.467220014237995
63.99853981670651 91.6799968760652
39.14127683017753 9.87381472731742
95.19524047597122 69.04694663988063
53.62465370116897 66.4590463950998
46.65212808799972 70.5457495739499
53.029768117387476 68.98528179496243
20.92847711975596 41.96961976483314
48.340120015886576 99.36063024963936
5.839267548205706 80.76008642573656
2.586006312357425 97.3363863436719
64.17694063520403 6.1011327678795695
0.7259981874222832 58.242901558964796
28.15420765060228 87.9422605530529
38.94902618491858 66.89681806995831
34.66581480419438 56.4667194973866
47.24544524255301 73.61197540067293
98.31228238287618 8.853886998826576
81.66542440158877 52.59441254695376
76.517348179044 81.9769924866288
70.7183373315954 1.454678691865019
44.29947705702452 58.827488870226276
3.028798698320756 84.36991992247961
48.545717114001285 6.780784357518666
83.52341908613806 61.3009666190979
11.318888039030128 15.145735693109497
28.55296046058664 69.2025507751937
79.81613040026721 88.36415481724909
39.88363575051943 69.45143486233314
58.295711929380346 95.85545178148499
90.87943749247019 88.2846213341814
25.86893145335283 2.857857087946847
91.44007860245863 9.650344909208897
43.79130757075772 81.1395069052678
34.914056233706724 78.87048960950202
15.546812294875378 50.93064159184202
44.89896321284304 73.14301544501248
66.86860150780477 32.8861892957337
97.67162479058196 97.48381841033242
62.82871700404565 12.901408823438064
66.02743883614673 0.6918737818054077
18.707846821677386 2.323663234432749
87.00621786362356 33.932103213168176
69.79477924821806 59.16590207211044
81.86147873435058 8.830719917862318
8.125352756932392 27.86163657026589
82.29538321761977 23.492157574508266
28.78139412865135 91.73203295288491
75.99032826945513 6.952601833155214
9.19998405741821 46.85309500686963
65.91167359479043 67.61278601357206
69.92799116341378 27.722498400639285
71.30953427327626 17.99311851008104
98.06565968149194 0.19778028636395772
99.54520655538666 99.03365240062469
81.40994041032714 22.66808413248622
50.8704989910792 41.997265985023034
63.40280983080548 41.98254004399066
12.831367546267568 64.28231453892896
56.89505276717078 13.284884781535478
13.850800640086437 57.390213606668596
84.3786536223871 36.48808507382836
13.666472725400535 49.81460198827226
33.08521892236255 83.84835570587308
95.69046359238618 95.21834253653626
84.17234819207567 95.71726285734248
45.273336425737774 37.76677842151518
46.567092472701624 24.123864553318285
13.764496110517033 15.636579381952654
89.02364549764204 22.548887046369025
86.31995979562244 11.282238069507189
59.05705179599088 82.22201230984903
78.4480887001418 39.42324374164079
45.04085083630246 40.56206026753323
20.3451108510314 89.24019014811208
91.21225961841776 32.90886929319263
26.516312566050825 88.84358765506344
9.595032555054129 88.00150807783274
91.72931998729888 76.27649479743452
77.6161304794555 41.27907627868683
98.1418453490794 36.424261834476646
19.399306086943756 9.74343318415264
55.59935805329732 65.72480279414681
93.79882804767364 2.8242877966621283
54.577335753775394 23.311731074255537
50.977089022268586 54.61565454622628
44.71197281812831 16.381888533761536
11.359095769309913 67.34235454595982
88.85225879315304 64.39760753355816
53.67051588688118 17.63397363920449
61.42163313489948 5.065950728323177
11.310011707455004 30.29161823797817
41.78679453041722 93.9708170470213
46.077718033518835 74.21845983505115
94.72391744166964 62.16246776493942
94.50877486952777 48.963073102397345
5.198288429250619 49.603360576460496
38.415882081652654 40.61552316130065
71.87370579315439 8.849458210682847
75.81281036023402 67.4330893457545
74.34625657148142 51.00976030313091
13.618770086142117 51.45705444362642
20.10658157329088 26.559437524271146
53.85729157640997 53.10117375615643
5.126391045749756 14.583589526342111
62.86864850013305 67.56431688920074
57.92787231423796 12.873535521931313
97.0712364349794 63.98762867667928
33.06873541552833 44.39270519499433
47.8804656083069 24.10740658744376
91.40367470686071 73.7232435056758
51.60064874118857 50.92022284827162
34.12939710632763 42.68517190053546
20.315495539364147 30.345033890448992
50.1115979468937 99.87113608229663
21.041914944221507 99.75085588171724
37.79429704828513 29.52943155315384
64.94934334451389 56.78970141207545
44.71979708462045 45.94779083878111
9.51909374647153 39.63804818918081
41.01822554146235 59.29681353951193
27.75888125659214 73.60968928444468
31.050638010157073 82.15138131707074
