133
23.796909552662203 76.569587587353
7.073045656370414 60.894529776721605
41.151398603759205 54.427958091132055
61.217021541689284 81.5421769660548
94.26510831952207 34.222395028787666
64.5709968826771 15.663122055834688
86.17950482440993 5.4891220086251025
11.413974577641817 60.60540551366442
56.070390983102655 71.49812506144714
68.47618711744607 72.60124717742228
77.9463922514684 96.52366617947837
19.610743557717537 92.5479904352804
47.665328486136296 47.770953859097474
72.67480507742621 81.9219626274654
83.70149492489745 40.71254353230122
42.94917928410341 83.58610282473761
77.31154131677366 21.336199267937804
50.50786048617974 21.09529741695898
31.918249138190944 32.771972807209835
4.06135887841399 17.832237310976673
79.88966463894114 69.69935491861328
74.18809395506835 33.404130188716294
99.6683794927238 96.67190096173512
86.75913636507732 16.341408592257068
47.2307496785673 86.06694268575423
66.46035647702453 86.1006151193964
42.41695429562762 55.73479314563087
65.72974769525024 96.5246541315562
88.69017324021054 39.308817588224265
14.634709439180005 33.32309312672762
56.54931075032322 85.59437210074503
9.464658541280624 61.80949432379204
79.97632413282139 6.639205796229097
62.52101510913472 61.09495031634196
99.66705428289806 25.002570285661886
58.27898082216113 9.00200219652083
64.54225523221035 41.53533393934224
46.74897068122556 18.852779120393524
42.60435012312175 69.90410609837097
67.2314419883968 6.847884660404913
75.08158371813386 65.73379917550436
24.509159476930385 44.21037171610844
6.918007364254796 19.655031020152393
80.01293955470767 17.240672648116796
1.4882944254250297 93.97515438227914
15.387150993364473 73.07768253357906
59.02891241159522 33.65573219203171
4.6418262406384025 48.09264157457599
21.460475450994455 56.152076717008626
52.25781188276662 63.86243355377418
94.18386507848999 69.431762220654
43.98902306765103 12.22910043726656
6.371821759328111 33.671538758615505
2.841552011536541 41.13188942300553
72.37996218917168 7.838523852012247
87.02163901514672 32.408738222959535
51.04833441226489 47.418611390425106
83.45788578888121 18.061884417481032
57.750450153665376 18.61555231011206
87.25311693274456 48.35950842670065
16.486299071238577 56.38605899086537
99.59337001649907 7.023636558670421
86.56317380628683 19.035626533388573
33.741674781129085 56.05832583528887
41.181764837963144 98.86057115411532
71.63638926857986 6.2447026087470885
69.75612451241352 84.67724029581547
86.05111764562909 86.70988289367084
4.72535152817497 77.83818460226888
86.65661834830551 39.70065626393404
98.67124125136316 97.75135158279879
34.9531891466163 10.718780418296447
59.42995963641686 74.55708020290393
2.58841666384092 5.528370941403004
68.95156286112902 18.225301369799496
65.37082548671607 42.02434089880308
78.3369598220467 75.86766648025552
66.13911571921557 68.2050506072505
7.229797042579278 27.53922596932139
84.0992775912997 73.7241469522159
97.50085752032021 14.959079792720942
84.23577003709369 65.37115271305157
45.85148022611446 86.5134641036319
55.08397381233798 50.961785773645914
27.402920250633457 16.389464957458234
6.591414219703529 0.02590956735055716
5.421750951332727 87.70413199561557
84.42614726996881 20.744623511526683
1.7822451552608531 26.71440945868513
40.254659113128085 10.626907040602084
21.158852945439854 8.53747099495068
50.361610708378215 56.64944227012442
88.96545165132184 55.90068006752871
49.8684483952985 26.89600144762424
18.510933848476473 88.5643791829395
89.42216468051679 90.7862382997183
81.48865165800639 39.88434625063672
37.15872874601905 70.45879633994164
60.26131823945596 60.440060214509494
18.64048072231318 39.25219752823188
98.53436383573597 14.687721688524347
84.32701251570013 8.779040028042251
59.834052648449344 0.6542015669915746
84.89856688689076 21.171025731797567
22.885612014083968 7.346169685280479
10.328640449971338 26.350409209992087
29.099393083721104 17.69889602848098
45.29739031158999 97.16135496552238
94.03261372798973 22.775961433900903
37.693966734863636 60.65958462654342
17.196365085124853 95.04647366163464
38.672712671666844 96.83171484691343
27.458828307930105 98.279550795185
52.921951948016954 86.56929718810854
89.27478032830123 52.07935697834576
81.79261674095332 59.22752286332316
94.89891230851923 25.483653137247963
56.9732218481448 64.37114430320223
67.86691674824668 58.932998329866294
58.28501448642021 46.402506245318534
1.279224469418161 7.243628748395626
95.80874268062458 2.635864883845296
81.17150849009597 44.63766215852034
5.168371608497225 49.426758715202624
95.08047178684092 18.073232777249437
23.415895756642758 31.082855774327168
24.01788446744679 61.487034315638354
67.21243338328985 29.852943255960838
99.41883758377205 38.12805825572164
57.46746308568201 56.08262771318021
51.17056387549804 46.34417936660841
30.812983661003713 92.11112075177817
59.55335698135917 2.475887758887396
