120
80.22959034715267 2.7431574353206867
87.43974756149616 73.8521258204671
85.22695802200583 92.51499389108207
30.78100014648998 32.60693412790465
19.028007798190462 18.354653892372585
93.84103989619213 5.927918462697834
36.050905275960965 50.17212844527086
63.563309618471806 27.6611069373318
39.31843140290091 89.51688143544597
84.7584905156104 69.50597034735334
2.502779436128899 94.40061425033002
63.835004273272 79.8071170471772
60.73049343159273 14.714927489456041
55.215849683555305 55.58675547655443
58.38153804074393 67.43380855482471
66.81468596103511 33.022339713772034
80.02339164585732 26.164208931825574
71.40317089443012 96.33715313420367
99.73493476318296 65.4921579472695
35.69809647891502 47.64698284784601
45.78832585391195 60.97345613891125
20.077836274130323 42.73817025568547
85.71201008573682 73.16269311706029
90.61934621873749 36.37696393095574
8.24820328563537 57.59312475175265
84.31405179754097 17.21837480206855
6.483384774398493 22.340342597860975
51.10986223514517 14.953535915871319
95.84263565970677 59.983820024868805
39.26226977244761 21.021827203496457
53.84155213132122 1.732106451988702
92.38322065814137 9.626938829844134
54.29734132504282 48.70689462778945
99.84615727049781 44.19525127770512
53.0074418179649 49.82024771594742
24.48525032390957 5.822408690177838
39.77517205685618 0.8478651882770083
46.54107129205403 33.05232801571294
4.600161724928109 6.39803562727238
69.97416323370267 19.516387963924466
77.76443603287912 50.65575737962007
68.97314030344927 60.1162815663094
82.16195859524984 76.21626429222191
7.640151887599367 55.47430161247943
62.19473500270214 36.71629956691337
61.36030423249873 68.54943485931813
91.17551839054765 91.10887688298416
68.85471802552725 37.88388141050092
2.232952945662381 14.297012359179162
60.54594079239153 79.52616254959926
95.90047847043238 21.135695168923196
91.65184079208426 24.177859933826717
57.43396042662505 75.25851722721232
83.03999704296433 36.77885010775237
6.188769669863758 22.772367347209233
96.46047942505649 86.25343160088377
37.52871129885107 67.43508843546864
27.09877035443301 82.22192005297912
66.92275861359495 32.31384992337543
96.98277742581479 24.926280551168432
53.52221643743079 83.42579068855215
66.76253901714156 1.2001400473807378
81.71864741506376 54.59166570667799
52.58010167333105 20.653809130373645
78.225256765702 3.4394105636844863
29.479810521334706 96.90892846458416
69.00831059070384 42.913161256487555
20.51976045909726 72.31213318210516
70.57069774413833 54.69546541705912
4.954333430817293 95.96212648223566
10.17150836861691 34.39966310365011
34.90076419908911 48.572924030203325
38.86275379306681 58.10583918846067
82.64039928960241 78.22423966218427
29.494493218150662 55.59907597174415
78.10734269571927 18.592098441149606
12.969251137537285 35.14934874789031
78.44208936937098 0.7178775199656151
22.65443395048673 9.953928483840835
72.98621914762523 99.41621328809183
44.89820284094787 1.7217033704965523
75.7686529059406 52.87780603542404
32.347568813655826 62.12559992552597
32.887432076599154 54.39646997584231
33.10713090600863 32.703582862190196
91.73934274886464 82.0394328019581
46.616713779360616 25.79264317147294
5.470699233981935 47.50936450307687
33.231200205377654 95.97917020894204
10.041588497927222 33.66310911743672
60.48753383151264 48.61483313371816
53.075341625124814 25.129801897592984
60.417792150681635 16.150252025302557
86.01279214918502 9.311804335076612
91.57117622981363 27.950861628816416
12.45843859846767 77.5092685761047
85.68572380586735 97.25004141166342
91.20483839153958 23.117295741258847
72.22387289052533 88.83967839811575
11.545555269741826 22.5788832456591
48.709232955742955 32.99629694249522
53.17316760694304 42.89996018905058
72.20680756899057 97.15639514963253
62.44818432358598 39.66113956311249
61.3271409860461 95.78694789293402
52.17069988312628 35.7421923885825
69.86210452951772 59.92049703347032
53.931910840629904 46.008175653591245
28.667703241757437 41.14710902665294
60.0737630398228 10.147836662212573
26.93380604659257 49.317652093656164
51.91006928575382 95.76889670375016
54.07421405866019 99.55328454295082
32.62629474005392 47.9971233497525
49.57107815409971 36.67421517941985
22.37306385806005 16.716401652812873
22.121388557872457 3.344295060679403
0.4578753065346608 5.643699187473072
51.33468338247994 12.08910218953113
32.214269700165055 54.22338246479165
