131
93.92902550976514 75.00152357384945
80.23215742743272 81.14891861631708
13.682793600457144 99.87282359416498
14.299454434660774 51.01815455277359
30.041735231609312 73.54389079836791
15.740053756350092 83.55774321890215
96.71793439914047 72.3355033752447
74.49912855144444 29.038464383137796
40.5605230308119 8.253650993960305
33.19995157061506 64.21862727953614
92.91063803252935 31.599821917607564
90.26734070669626 64.45364545186045
85.5679387311995 34.34623349495687
42.19693538368622 23.85254346163229
90.3794704548411 11.594855614836707
49.51741837071165 91.03048927356437
16.36585248861506 40.60353139495213
4.438904462658632 1.7690104140323903
68.82886273300292 62.72167800613517
54.826011030258016 88.06960933752083
45.713482443406996 20.943901190642233
91.75063775094888 12.835666522759903
87.39640085995832 14.171466160879653
41.47680482997931 77.43510466156991
22.836688861344822 1.8674061575217338
99.86254799115363 21.577217172868757
84.99940278464294 32.40880119401771
72.51541503857067 70.69222209976216
39.418869161710425 58.63550653646827
34.834015557984486 22.779685589102826
81.6874086462008 87.49378611059417
17.59025010751447 20.530088032946615
74.18735984165909 16.879346356559978
89.81303481028479 75.97561739042244
51.359612516011175 32.21315227350717
89.04553451738063 8.21675770467387
16.623762488537874 64.2290869664823
66.51215213515643 41.57995517029408
51.45420669377525 30.403228733390797
11.826599763857926 30.631694909542496
31.67884822082777 80.2781765726148
28.564329560768652 16.70705761258323
37.89361656400221 11.651272355229292
35.0992099442846 56.62639391015431
52.78485571981155 95.34849400897436
63.0510216272726 36.08429532539162
87.93885331221625 8.596388143970401
32.20849407311085 72.21715082509603
50.597099261233005 51.19098816437888
48.659717677410754 52.66623987830332
52.89420243792772 81.72082632796112
3.350830945698724 91.03864437431099
79.21155381240695 88.28922237336856
0.9103660212452458 32.29903354136929
41.64065175188845 14.308359820788219
4.262904608428952 20.448260523735552
53.1913237406901 69.05171129949508
19.200536642553022 12.248182410324738
48.11273743148276 72.38002427878023
82.80895042707664 41.264492597202675
73.15006953399941 43.205435378159976
3.1705389941336426 49.02844349577663
12.41179934382053 66.55619751706543
49.39442983897594 66.8330740549609
62.380813127411194 98.44311544225515
38.8957552828875 10.272207883803652
54.79991257941268 14.020160429492956
17.308716688084914 41.956090564344194
99.56180393390565 28.360497987075718
21.38544671173581 14.953911050505909
48.28927495770772 23.624526471400266
7.206401630911863 89.14553927210454
8.044205251991364 89.83144035903527
0.7874154753178209 24.81093436281575
44.481444872154796 82.79260249399188
88.36093773101202 14.92772494915906
50.91695359533054 96.58156862012535
49.682911504219554 62.87940946767839
33.795488121224984 15.470856878356864
12.605299298526473 41.19152841939916
66.73427820262347 5.8508494746533195
25.86454354867289 4.285940505504094
30.364410384139884 71.51699682686001
85.79487866315986 60.66101526954485
36.52761592922901 12.353392646702
48.50682461789465 98.57156553105662
87.52464512736002 67.27264528570686
69.58878847403427 27.745268925681888
24.28420684626319 74.0015563154247
45.01602719533481 70.44863720794808
44.961324515353695 38.68146595383413
80.13735506734922 79.90563894893859
42.1874582850868 60.94299806732094
93.59252377480108 70.33144997881313
51.21799258955455 3.9894646631176034
10.436919601316141 52.107251135301105
53.935484774784804 46.04911464467939
54.57647885730189 81.76156007325018
14.923101826166496 85.33357701065239
67.08618014030384 28.033857149452913
16.154266551042518 85.27945556971771
36.416638038351444 6.459419199676775
8.380173991742312 52.12316175855262
29.14845523618692 76.09537778254344
42.826922818322075 57.34995144057422
5.985629171218787 28.095052480109338
17.059421356103165 15.106163156718445
26.963468780814715 89.50221528712187
12.55329368344843 25.10638508155636
26.332663939059174 87.94121892002936
82.26394348320528 72.84081035295978
96.72792070358437 48.15287404591788
85.61734992337064 18.250074084766844
91.3641701493859 97.34133502035863
19.417856926407996 5.521738313331815
89.95919884453517 20.032794141305942
44.231902824833725 38.19718895099089
23.513235701518852 82.55765483942635
49.58097040680096 26.216059783691314
11.367243252996529 27.17308678217629
89.42796881485063 4.271882400951188
96.66464918948571 79.55398587376028
61.2461785501755 2.227954773785068
91.91661054135828 7.76423793168558
39.30572116627825 65.62475056860167
82.45776115493952 24.02930877432731
66.1026234849198 38.24963944222263
68.78580391072025 42.381889165873076
57.64240212820909 73.81198311034466
18.63710847493557 24.688336760856423
83.89621005287444 3.8314759542792953
