170
13.2517499182354 55.834370072030936
37.88669617459686 51.09415982132878
68.03602039282114 3.1335626554312213
58.60471184300804 71.64578154259021
85.38607731194996 6.429916525829782
57.3363878557956 2.254605894299644
53.511546033167626 1.7239732994019819
53.25548122997324 19.458040207753246
62.37100063282315 54.48795092914616
0.8329561655996631 58.098285760790624
68.33171284599969 5.133397953471242
2.6368916032972867 94.4787476195423
33.341987562670624 76.72072834444378
54.71141025438712 24.00546457747562
46.638316639594144 1.1455566536956674
78.0852158738986 28.595579172146568
99.34798530931408 37.6832307906275
55.72918016415047 28.9378892014699
77.06840069714157 28.54851942080877
55.34833905972506 64.12873547002576
34.2104337807781 81.54975268312928
81.32281929916552 21.56226950592066
76.2307584836172 86.66614887089355
81.3827033276837 29.888282876394122
85.86243365881094 98.04773815490002
61.338471400538666 82.46229789639814
99.2290396185103 61.77273620110344
33.67582398429888 45.97215807822964
75.10212670145084 20.82123625690916
77.09166957678882 12.715965971314635
38.02392608999644 92.25505606728548
54.884594104398424 12.493417539871176
39.59505878092007 31.784219009997237
9.097008099164938 89.27652874955133
1.6875789859252976 17.30776672574984
60.247832549897765 80.57565384385661
45.54216711216006 50.24534116300956
54.37916615894366 29.06348653803963
70.967098063567 16.964784566035974
89.4652326391799 6.933258697943867
95.11735709065803 91.73312814083614
98.64877018473175 57.403972856311114
13.004137554698348 26.99003559211891
95.51803125732427 18.819704687446006
22.18282190694014 4.77595616907286
26.349842364421427 19.59390810568292
58.993164069115366 6.34458943504691
75.56136774604771 76.89242742613229
58.61453089232721 48.67918183442684
11.102756059996533 19.906592196518012
91.4293389158294 4.679429100005061
19.25531831473114 63.645435905114866
23.91532800584918 82.41275389508574
8.801639144666195 51.90135708055321
71.0905469424681 82.58837429014979
74.93412616400394 65.33039098986781
67.2433456352785 56.817779708729944
53.4223725275496 41.92739246981784
70.04152653607674 85.00866711579387
5.1794754399704495 1.3885752385315642
7.9893214106035675 28.002340360320154
52.810766799666375 93.09437568130038
55.32179880607846 99.5177353468273
33.249360954654314 63.03035601569557
98.8442640727493 20.382662737265257
31.437648117939688 54.60786867885309
92.71342647153436 58.46863217618452
93.38039161787734 39.871103339733374
81.21384504988153 12.295003661029325
87.48576871657015 90.01684912694614
13.855456851051894 72.21396962480652
16.0828545493658 31.071652359551074
87.62432470693349 71.18613981554525
63.06162325020427 25.64436123296
91.3269167071155 99.93662571281313
10.824895170033432 57.91446727591023
32.88101099658668 76.74275882086987
60.971073911089 53.00609674892803
71.78905138818557 41.71521714701559
46.595916434667586 86.49821208010421
28.39285436671427 64.8910635738388
99.0350247249685 29.46228773647297
12.989414513148578 91.86512558494162
76.61986172252774 83.12567268777306
33.022034279748866 53.40015192901478
55.57052814918306 77.80634535039786
34.20504325441802 85.66706961403922
25.738335212853038 17.657444637695583
34.65821033957389 50.61240387742654
74.28891532335872 39.030032761241586
51.391424740065276 33.89986146199634
98.79324887201678 84.572909537788
89.7938678897049 14.202776793882732
22.37280414704029 56.78496233535404
76.97056147732005 35.758773684399536
5.085218282892868 77.78150581670306
45.98364014313253 64.31892609276306
87.78955486207745 78.5779313483116
80.78102013204081 5.237132906597141
25.79261970115271 87.98392760147684
60.78030535507916 17.036898075805574
67.15242842537533 17.58663533761309
16.562391510089647 7.359924976578213
49.144490658297904 35.18203266295091
68.91475883849934 73.81946001205802
48.1896005115223 16.819796098355432
64.80831006141436 17.915273538985666
78.79776931068685 37.41594244450873
28.138491178915316 27.352401981291198
85.30240319038059 26.969242394591774
94.7387653544745 86.7923509301757
80.33149550913112 17.468762754077982
19.17762509695955 58.004565091477
67.9770321595905 6.576365869926315
7.079690625539159 53.64530837317619
93.71208982655745 76.42101055512086
76.4831228685007 88.95092002808082
71.68551670200519 37.531452776263166
3.17109050683525 2.253630650223315
94.00953114615159 51.75873199752156
63.584730697659566 92.59572495613043
37.384753051800764 17.224781040541203
68.54148670697788 51.3226872619584
83.89634351422488 16.98409573647812
88.28423452281339 73.5139944039259
99.21697700666554 61.68977743714036
47.871673752707736 15.023027471270446
19.417872997546993 94.64034962408205
66.6176528442052 12.85471188755144
79.83219133182912 15.089337610861842
49.8442761903863 93.36090852645896
73.49886045209642 8.026248792448133
36.314116206379 49.17668352612448
55.51219778358244 63.8537825215733
21.413847766285087 0.3219360701938956
89.23568719055135 52.05982117606995
17.974884418765168 42.678179569792896
31.1444119494367 42.999772078162
12.52886259910605 10.926949371176232
91.35547735580698 94.20250170202263
66.15953022561284 75.50778847950077
25.870103251664776 22.14976361632024
11.180295849226097 27.20001740548793
38.553403927218255 58.42717857581018
65.70618201716377 40.9064249885303
62.298752654396985 86.8501978620994
33.29812090911554 5.339677151015609
11.814258622814188 85.85947554363078
60.6961106811723 41.386808190055056
16.941041975004932 75.19911798402468
66.15064622816324 46.194381077333325
72.78404040071828 2.2712723626534537
5.0197276557737975 30.049440378289805
28.82582845174295 66.02441812453048
93.41292594647454 2.7382674484769276
31.7800945571884 40.33324507299753
15.388777605940863 59.2992504870317
72.20509194414136 69.88417339968466
94.48648951688949 78.51918640982436
45.8234804167726 22.884242871703087
87.77767904826104 17.18082065995673
19.58409322727448 50.04041976578313
53.32146428973233 6.779828954196265
20.91078014121588 7.143731581465184
5.2846478642527455 81.5244599352685
88.45249147773761 5.478438501858907
52.36484479116211 39.3052561467092
60.057078315293325 3.0722296166611818
60.6601300174594 96.43047451870574
23.407578031623522 49.9432977068268
