201
67.86148879082418 36.46308021637314
94.99771722042237 68.0973204248333
54.535033879107274 31.973850026885465
96.76220686756827 32.54607994340959
73.87631273871271 8.555429296880124
94.22687369508351 43.85002427155125
84.77951318559424 2.8060774181535852
37.6571794448151 54.8144560692732
8.869608080671576 16.3942395187059
79.36041466275424 5.047156762117488
19.287473930667332 24.946469162491024
30.774071249944402 15.619021347985939
0.920117002901033 13.13866716709513
4.438136344293941 42.9634462150173
75.39829110536566 23.638687174003834
28.211895312169656 73.42011466004516
56.186898260301035 91.29586063156988
17.338701234697208 23.07885065318863
2.122197347468824 47.4428165827849
17.165701587653302 20.609319444421914
34.55622184127122 42.87302755384073
45.84206358540723 24.939156689748277
58.06723244983672 37.29657453646315
34.80022007325191 63.21894698552941
86.41966508623182 66.28802450894173
99.07884394688 21.913837034441908
88.90292284773648 11.814384566019386
88.67223240068996 95.95505437533502
8.993190618422709 61.2797345144679
18.760011813365452 27.130537248330533
32.78921573175039 17.797943899023526
58.107870442814544 45.2225708731814
52.01570407716623 73.29863312302672
12.971620995799338 68.71200479737443
47.46708928099302 82.55466494099049
57.76759283239935 82.91329188955235
65.36149527269605 70.92856720751428
35.40959605198294 67.04328789592547
45.470930444739665 68.18028940245817
69.62867044999473 2.3044591695935424
3.674699131315007 94.52509626126411
82.50360452105929 57.22471943913657
86.12011967250474 62.83751978844345
33.99914447310904 37.929920140779274
36.56805224085766 68.12941338686593
55.95044480258456 97.35277738357789
63.8937898147847 4.094617986473271
38.80990572119315 96.17357743220178
29.061020334294863 17.992020690545452
35.940855091581206 77.10085191261216
88.27824766259951 32.89758728247083
2.1508316679092143 28.522733961888015
71.49236961325511 4.6774697631062345
63.60694453833209 12.111895505129999
43.34987243239418 9.079483152727985
33.63125953799082 19.59830018634442
62.8117743305961 82.1171895434174
14.208481889835223 53.54602014941696
9.586310060200564 48.390669275850165
94.32807540273997 75.81149657919852
26.609417324765026 99.66392280013027
87.28418481385376 65.85064264827257
91.73273242347176 12.191650995943238
68.88611028707857 72.15528071414009
33.69605726078233 86.33507069011584
93.12838189490571 65.8452024725626
80.52035152910777 69.76540277695935
41.7237076313803 76.60304813341445
82.55349538254505 54.33953831830773
8.220169669679844 66.85594070121225
26.92943961347929 60.499743970595134
90.05646514842655 74.26263816296304
58.859908867495605 70.1675872987358
39.94694115890318 1.3184243101529436
69.714040180803 15.449243109931343
69.37020274425716 27.20680737508956
15.648579327666745 21.091859046639282
31.86579220213802 71.50366976733076
73.55584270039574 67.53260969666418
28.164051723207983 92.20268660444788
75.25385632328057 92.31179127153601
13.70052892441479 54.48795586555034
23.110371604119262 64.41343101273301
47.57055936252142 22.409629698901323
83.22507034919335 64.23300283707266
69.94456602517717 71.21930977906882
67.67318001394277 92.8949459528738
60.19357287355632 73.70226908378591
8.649280761520039 58.020796482431024
30.86189609969294 17.357232862663896
83.18728695610542 64.35058101081408
18.394524643546017 53.04517675798369
20.03202859270298 99.96216212429651
17.16324934543745 89.34646063477615
25.7495885488876 50.826446725697906
85.08827831903295 84.73739564394928
65.16055868942058 51.41941273527867
96.0503450903874 44.70187542410924
83.27874019600473 23.810348430403106
88.1350525125677 77.42388730099793
77.57148403322226 99.95923327891767
43.437154603308905 18.178315090626064
62.409606022121764 92.0949816032995
67.19693294311685 14.647245188201907
26.355427230445372 4.5580658087787995
87.50756696008168 35.706170013826764
2.499407978587853 75.81042345961329
89.92014589787796 31.494281646565703
77.25530807402531 33.66313029907014
18.17542051224732 66.26329305431258
22.95099702240897 41.073056944931416
62.615564598622065 0.9200891152355117
50.623478699655166 70.35670521163021
13.245204602506567 63.09504500126313
79.75175781141154 90.11321054662815
94.66289481578501 29.57487556912046
27.122818728034893 71.38084889676757
18.039045499854822 12.945778063538926
39.17880627224194 71.59365542154332
38.305121950637755 78.1213653335579
6.550316417619461 91.50074732114913
30.742502025889372 54.064569301757814
19.063758189613612 83.78231092317282
34.45243786804307 88.60614272286017
69.10162506165008 41.45368902346534
16.75194432849122 95.68983387487503
58.40467884886051 89.47729405162174
76.12188913917703 64.57672900478761
59.9599608671504 30.061495483413204
9.507823872676857 66.25639828143778
50.621329660313975 62.59175245568704
66.46543827475212 24.92865432711109
83.65114584763363 67.22453523573898
60.99880435396157 41.88202136452291
66.74984871875776 60.32041333457627
25.9957594413886 30.790047418852296
53.598209201908155 17.859127834916976
31.047776168125907 64.57982301434618
96.68554986023132 29.18563808517245
30.689165620318438 80.82843946555681
62.4342523941958 91.85341922290672
66.18208978003388 80.589980828102
37.085938084200464 39.23547272565945
40.54979317215789 71.34788358992407
56.22898475038119 18.694476276478333
16.49573615118234 97.6756471128006
66.52023977945953 94.494678552526
1.655309242266767 6.110931439259193
51.954066038819356 2.9816130497556825
95.01077259834886 80.05399514108151
26.811569240916675 77.21439456015277
21.794315858475922 23.88487539663351
75.58890640192651 4.376381608096114
15.947654217169438 12.384289631203139
58.04538948190737 4.309012375517174
67.50731014228603 86.87874733349813
39.5315717816701 99.02386264539163
63.80360444851557 68.74922007506208
65.8943852411058 88.44831391596102
24.176625028608502 47.73210531088493
97.04284674094339 92.75853058226008
44.45276226818697 3.3895184812730794
18.43283794328443 43.40026048904873
49.685110882333795 8.992739289187357
82.98194169327809 59.996179120437844
18.351509145235635 25.199595460184597
62.35713447173509 25.285056650473425
92.96938948270821 47.25411933998023
82.36965968397462 49.46705584955639
35.60432586756139 31.2464725231029
44.74585389563291 3.0129444570838215
9.331759739373958 44.49949957465789
17.5380492697915 41.70310232459909
43.03218054004327 35.71665581346638
69.73492093508878 7.183238254526369
21.76283739763063 74.48333834468822
31.88095756559689 40.911786121399864
69.06748271356466 21.531689291792976
5.109568798786901 1.1595341506457801
77.53301948842203 59.277610440555506
12.590754835252838 18.61072986794463
14.8652513138802 16.41581989189764
53.04774371360569 9.777903746003581
38.2693715960141 33.534843639142885
40.25987603956995 9.236147973539454
31.105323609990844 63.549051984726525
2.733255157646064 2.624747476234357
5.523846217673434 19.17397579152642
96.12235885904632 89.65122929813592
9.433382777480615 29.620552861671424
66.32598728441077 46.55134555919342
19.418341451127972 80.86281232034344
7.666424777130576 29.327085793409392
56.891127057521494 92.55263252338054
95.9782900594406 85.68485255676606
17.960911167761328 91.0018730723388
20.65692920819181 61.50964245081634
94.35224652533522 25.851595982287545
36.185978729735936 66.92211927081296
20.283503552312798 27.585871493895308
76.04938483596632 69.0996834334071
