108
97.94152599431708 13.717152878046656
84.97774702507303 29.863465197765592
2.8088118647625726 73.91441306925427
8.560617140889493 52.937536856948306
68.573712265875 96.48729645104048
66.36157209278352 43.75621106291947
81.05213724569948 81.83400385428703
97.07842333273973 83.98094411832359
39.17244497637829 0.9647086744442701
31.36450631736367 65.5910699216214
18.226677321840423 95.23934133616751
93.36828931246744 7.264388737319938
57.35024781394081 27.94172914803911
93.1511574796026 77.50369974008672
87.34031745380916 21.46144327761228
48.1863159369341 60.872865263310025
63.738326591233196 23.097190970348557
7.410061083206509 95.46491988305668
86.97983793046706 37.9429989763981
94.30461724552156 70.17092728979199
85.07156769876347 89.02783591249229
67.75838836810091 96.71701664703014
18.500635974540614 66.80117280171383
46.272947207412805 37.654825916826255
10.020624170692404 25.59656396782618
30.465443731042896 12.601535093747485
19.068092655869872 60.215137170835376
74.33361620630008 76.82717661450688
28.368790425990554 98.64756817030246
60.63554773373535 26.131883423113944
26.47533463867221 66.95185919361619
22.404694023646677 42.36419118592168
85.49597516988027 27.00080693733623
31.210296642911338 98.4006613072994
31.803237069614664 11.70581393064195
22.780911188754892 27.073255585220103
96.23494673425651 0.7548396884717978
48.12159068382395 79.42331477244518
40.69103331987527 71.44207037134292
90.41447145077404 27.422415313521576
2.4700023404140903 41.309918639217635
93.57491263831731 81.00327991635935
76.04329643090854 47.24020768882538
21.751802889935114 49.15983231107235
58.46693406860412 23.31549232151584
49.99553561368523 9.683435546287322
95.01489071535863 36.05796842308745
93.7669436071016 77.16550079586672
5.417166223805547 54.63422144210155
36.947607896187186 76.18824586253112
39.97811922844632 93.56468588959105
59.293302514405575 72.54320086911044
58.6141484238216 57.21837773088404
55.54881250142053 58.10974763138783
15.061746936806752 53.62777284607333
65.59198092126158 14.354247777798545
41.150924082740936 7.142988240706616
5.134136910423059 90.32953183817799
54.14520254934846 38.2051033272372
14.572866909561121 55.66288609943473
81.74432638273632 73.53295407332439
1.219452655662434 72.85730640658045
29.197808118903158 17.647672994421125
80.66587344619992 57.160809101047185
76.55958395417096 31.32603031451886
33.31209800501029 62.723189449597974
53.02938880132275 56.57393037937187
90.17345504639711 46.0435130065294
51.22299522236714 65.37530061351194
85.45272704423999 75.49555058287748
36.681297416085854 79.87715051405334
85.81503630109256 67.27815391093857
19.180487374019584 49.894659148167555
17.03329145074103 39.7414080872472
8.488991403226798 67.42497888203954
73.60184881452673 63.10313052558205
8.940749132499104 44.95821456326381
53.67017683486649 94.95384424846873
76.62518761585746 65.95736182597108
29.639132197561157 90.71086399645878
33.20937230246398 17.50316354762198
65.94189266476133 6.388147823890589
62.886088181365494 63.72449922503821
39.211634431392696 23.09801314120702
14.90970017782649 46.2374326199267
66.21020033601366 94.99764277529252
72.1188299605345 1.0604530440649462
27.641248712092302 36.40150576598998
64.66652568129115 52.190475323093125
23.438265570993178 65.15114436991605
57.83327736404479 64.96613554886856
61.34316909443967 8.095048542243577
19.845325021411576 27.242110491713
22.08207736679686 82.04979325985259
37.148387697350294 33.396327432636376
25.772915637775164 17.163488867953003
74.16367704189244 26.873519894286357
17.186810607904047 47.699368495734554
45.885274828041936 77.3935965520413
52.46243572118547 95.51143775989689
17.236879110422297 17.061445612896275
50.0941951795053 29.586981589782802
77.98425461713622 17.754978537766107
21.4369347092944 24.488472006443917
10.72099124489232 52.169431411225084
51.70302486587668 38.92002791728899
92.20864355611154 46.29460558618492
21.102053298720612 32.59388306729735
