107
90.57895591885156 26.383440637349587
83.73176716775377 43.62281312006796
69.68416477419733 43.08392015183533
6.335039357721284 77.66469392334737
40.07063646481265 71.5602547238133
65.07687193334539 29.293028799380416
66.95385862837942 84.39792380643196
37.898832623974634 8.87349770710073
73.21299107472403 37.4898004588078
17.007780737139367 54.80379681009412
43.376645631351884 79.42552926870388
68.20274111608907 3.064651940291929
7.38540443700606 28.350786466268772
21.223745362408675 94.87393292358558
60.976838184391426 28.163499833563034
37.596563423004085 49.54740713360166
15.086782838509238 34.572428665014
18.8271415961883 65.02420239691415
75.36900016155899 80.06789004712087
52.46069556470627 25.39317295665038
11.411711632919108 95.3107442634058
67.34921293686034 94.91094866847774
35.78368559288696 83.56310404312912
58.7873984327637 28.82049470980127
69.1571453785345 49.0714075048298
5.450188721129246 94.07102211544823
52.738629671326606 24.273641491543895
76.91601288332178 45.194397381323
41.348437637283276 54.715238060601365
65.29501128428053 1.9359195452156475
94.76580671496949 36.125169724513185
61.843564989333125 22.38238386750534
82.83868342317365 98.28244867451987
87.8486104726415 76.31073908240919
85.30418832286642 69.05161397744362
27.14778985898065 21.62366885568402
50.07193163549466 70.45365560201489
18.9972014432906 2.5694415442700125
23.180987086379268 67.65403309792896
84.70180077403374 82.34883307747043
1.1006124522324745 63.67859471242719
71.51591008139857 12.31865151005338
18.141588473697524 80.85794558590437
85.75432823954749 1.9973359810821822
65.6883146395233 5.848304968171769
81.30069887833875 66.97632966614991
83.08549613034774 76.29295814790414
92.5337193348239 38.079965103989764
41.203122557909985 65.07019610615419
2.2746345671049495 7.02872584694334
76.98030550264642 17.547661969026574
54.669377897292215 80.41882521482367
44.88237039629567 55.391418167066234
90.90589356818415 83.97672238314586
74.81170051539831 28.74414451142441
94.58244269440789 97.11842168371065
53.4116096893246 58.71561530637036
38.30553680105293 73.56336675797196
61.222292254418754 52.082350907647545
77.27838304221969 55.44260146565417
92.55252598909198 37.17548894460313
79.73259908155926 99.05971018557477
54.05277862487748 20.270331424945464
40.817447597084374 13.028866202689414
30.607156272096713 67.04144476234127
9.618174712530026 97.13276523878747
63.33389648688511 83.43601871825793
8.611271867289483 87.13705744434706
30.097843879413944 54.074159616344296
95.53637462435056 85.29198780111913
41.91834964294562 14.234722493861607
67.554315520028 51.68287082445997
36.288448934211516 28.57587404807953
32.23985834155737 59.78914307166517
8.404951832195383 26.004399428431356
74.5641757691122 20.79665857177155
94.51957544428724 70.46234051572718
33.25107374955253 83.16101444989961
4.701575464776663 74.57179033270428
30.27638064781725 62.34694348692062
35.42478001432744 47.52183218083908
84.27930276815668 24.023846847146412
48.08110813245734 99.33616399329532
90.62349677984844 73.77575300418849
87.10071443455429 34.89934127474257
74.35019164367331 62.71064926269483
24.678935828031534 36.82945481091829
35.20036370654891 27.75506232391819
78.35421219710793 58.42660142355092
96.7693579790779 71.13522655253115
69.73767151006446 14.577073022378528
21.959554092906764 83.1610690543078
33.97467807336244 86.35663806746379
83.13340968952268 34.650193598417815
55.93786847454207 54.010155403873924
84.90129000592988 83.95321240837738
65.0339898873863 35.904361103019546
30.2229904048978 49.93006891330024
51.64220401767763 66.61430348146804
9.375936086984405 19.311734487678724
8.024660707741216 63.95572991217412
35.151756265480074 98.23405456187483
40.062757607685874 24.43613195538712
27.39313042749646 38.568668538105065
32.90014502029709 38.69567019729888
82.25401239714559 82.92503816034635
49.58151692314017 54.831876413650214
