155
79.52998374230023 68.68308305930049
90.00116931747458 16.63968413015484
91.53076195240008 91.83332323154796
72.29508435041032 85.22374313614884
64.73624050143984 33.44560954730279
22.423059226266652 8.588239904402773
2.9494137378736185 59.280966951850225
8.98940441186481 65.65735529715157
9.040080145709407 2.5290213442769827
63.54004759963584 29.50520147185449
16.877062216276173 69.89667052538253
86.82426766166998 82.86622947895167
66.54174537925053 40.54489142016755
77.72181522392107 60.609420784057356
76.0287476043753 16.499879377910876
31.893859699916703 58.53205555855775
71.4010128649874 17.68238257735052
11.63073560220348 69.52019805226386
93.16821658466412 5.584319837970941
73.7644118161387 50.0001860081216
64.22505269991596 53.363361138714026
26.528848832440953 97.87159069887267
54.55418800088181 12.76434978495532
26.528474124426204 53.03935557002066
66.71596749131811 57.26126313720668
0.2614167647780885 37.539181260132224
33.20647834286535 85.28223141407148
84.8641809747724 44.07382354715109
82.81305475324785 40.807134622174615
75.16119586981492 37.610646253820605
29.652036967816976 46.730140299073305
76.2291831896056 12.99483702421429
67.45285386178226 60.748582195573064
61.32322860461484 73.97428261637454
71.55421612551568 25.152752130487833
79.99583335984558 94.98298075373823
5.2736137521546596 19.020634028203997
1.0985048398486463 18.00520472094467
26.632456687337257 85.50189808600759
11.265906190678454 89.74223448137496
67.60189819417204 69.36783077164093
95.09411811489724 72.74244878222154
59.53973864841655 37.63487041139815
24.23727656455199 97.23176883647058
96.13707182074151 60.036444224461725
83.33698177674717 66.75087977897924
64.19261527691265 72.8075971346437
88.65526166710681 58.54362333255572
44.2532112993551 28.083359054735645
74.55991443381436 55.70228918784679
72.44012014324937 6.3426958911326325
76.68788421428452 92.24981590375371
65.18625136423265 4.953612711668686
37.40110056190842 83.05747182249736
60.039253785398664 73.96104082072775
54.44895462457298 11.579977133919439
51.466240347420275 95.29278617741149
22.88238460534304 0.11968769736029339
22.432252915577134 40.38860350239003
89.75358056027999 92.95541203773726
77.45569629207927 75.6243896381898
5.175790156796789 91.99782603431204
11.132166187476521 38.511900689029986
76.80245901373488 1.815355849016942
57.13820678473985 11.37229678562407
11.168394301691265 94.84743045013585
64.55746401248194 94.98020572616305
83.94445036007858 35.57628926744805
31.53027643664149 64.88237104021526
95.12537088179627 0.35076517409867725
71.2694529125036 20.70155198976916
55.44290241845208 2.208287290351918
41.734230217743175 56.33215940586073
55.36142995991785 9.026941016968182
68.01409318806499 37.1437035939797
79.86217221513951 5.049927287935196
80.44293427379576 43.34602699859435
51.341915756709454 7.805346764947507
0.7139616947477667 40.40950448248807
33.45672504706664 35.943821013910515
47.814013601326856 39.54849186674705
58.898846498586835 34.976420793887996
69.20335469527139 9.028831934629633
1.8884633112705052 24.433033616075626
77.28692927304695 79.36601532655737
3.3742582630258755 69.60402402856514
61.24489762026006 76.35375650933331
60.20073703063347 67.99020777010823
78.85828217130685 67.99716881243685
43.275694725020706 41.00813266491201
92.74730568863137 31.92294458713586
69.6000466460308 87.62598815592636
82.45020926206995 34.198209945919174
31.408736662798443 62.52926072366781
27.896796664556856 45.477329950083615
86.16367387913748 98.90229953306147
84.78962952522211 64.17913432079294
10.59700873761129 36.983969843530886
57.568382121416164 26.328033345545133
54.19785256023414 28.24936840319331
71.50065063336797 45.96912857048391
21.879224271655296 96.68054379567721
92.41607828050135 9.639392054343944
28.843517442794575 83.07811032545982
29.465975169631164 77.75468737163325
39.282609587647 26.67045262265907
48.76930867895503 2.1974518344560323
88.17537133598147 8.466816554957335
90.62906389962343 19.78262039942441
39.89467460139281 66.82393839681862
23.85020509892749 1.5723485796009795
12.79692469481799 99.02131095348298
92.41616629959552 55.27572358431979
25.39688610728121 31.16499373399264
48.865131355692924 28.707963370386025
56.62792737157611 69.41414836967975
53.93010442606809 11.87039751203619
69.1734236986129 63.52379678180853
98.72831511557538 65.00136827265536
18.83117095624016 47.14828398431161
92.18218623512536 71.75089616783667
4.786955493861866 11.521461950906142
85.94833502256115 62.61664377841676
44.879019990439794 63.8950733715546
82.4580925504848 31.258839777626445
86.88277032343818 58.404150664638074
29.41720531838532 80.34668543274438
41.467517399224995 70.15236085187748
24.36473912036511 62.86860443161956
97.26553169416057 2.835050038400899
4.879456114804959 35.84956331474657
7.905221619106728 19.902571670943082
21.900633797733693 37.43411938704242
40.84964185790918 7.455054183427112
70.6437211933103 38.246971273717456
31.726175783150435 44.659200242890726
2.8276938323687717 85.57980108306033
40.87866072436716 41.69362067861023
31.38469664850858 19.966411197430013
56.44457185782943 25.572716922809533
32.38919104450767 78.1527296681355
12.674347975437216 79.41540762962023
5.322474840397939 12.235782563639875
20.42488386918594 60.09280305095089
90.98009618676298 32.29792939999426
3.746934298613247 49.61983301483862
66.61002357937441 99.39137823903113
29.09449542172604 64.88822950817456
21.60310090452252 21.58132597359257
9.821740937801138 25.312943351720218
87.24929990975669 38.154612245980566
36.397411021755296 56.300406911618616
33.46628417366026 28.390092560976665
87.9676937803816 8.289376152637274
78.49850249211777 14.624447968966315
