109
24.4955118956393 5.480745021290668
26.72884005332048 97.39579926403188
66.31295890916729 99.91980438797653
34.897436305880866 68.64485355772285
11.77551315174673 59.22738298553784
73.17054271573325 8.011536551368215
84.58084447984888 7.021210765969221
75.71890540760305 86.55817450140758
54.10072257746561 82.54345379805035
27.56806772316327 67.65040672544733
50.70047554369291 73.3810080652598
32.53861375620325 40.53636255232643
80.05114724939133 17.11957354781255
34.81033640384125 2.7093111010561888
44.395955290969944 37.06803829975141
78.33962429031666 68.66468252990668
16.630733498075145 65.3436276511807
12.165247902573817 78.12487524209395
1.129463186819224 77.70646482805294
42.80463300496553 88.11041057394186
77.70374972745415 22.842236933257844
77.55591933332802 66.03422396773232
24.10045775495272 77.95979547389459
85.87115536728973 85.63632437095262
84.4025952030471 99.4718413038045
86.46199775140882 80.74887008236692
74.45180784015251 98.30544901171292
42.77666156335346 3.1825372546192554
30.730569782485905 66.29830252945001
87.22278512685737 81.08834589755095
85.10625536170733 68.72641781947972
56.66866761125626 35.91817065829876
73.35925049515204 75.35034772595269
44.769928789295676 87.64232739901793
48.10563460280294 74.26699868649091
24.165938603211156 72.32041937229808
77.86905291133938 98.74992963526668
24.373482392893997 6.205066815342997
95.00212480036873 15.601326872295084
67.52102583792939 9.703036931614228
20.85914198262826 75.90260557683325
38.15531869693657 62.970433340398145
92.10129113871263 80.07171690857669
54.018856186255405 36.236799252708906
75.6432948530535 31.49135381196375
22.643709978079983 98.34447861785372
54.300135293953375 36.69587775749411
19.73512977537366 28.626175107851324
10.572795943907698 16.987632404707377
39.97784729175788 65.33739018676383
48.46405228649064 23.535584110661954
97.91258559253166 38.07655035528958
86.06876139722938 13.684886044899336
5.565128645887474 61.406766380294734
47.63876172540352 72.203965050443
97.22684486174832 59.424767449940205
86.51676304110416 54.70921985894627
70.07839343394554 68.63875892401764
28.35393416248356 48.75366541713447
76.34218786059796 37.76440733778163
32.46077995693676 27.13094159312832
96.14456102989574 97.5771827590446
1.0212856457480046 43.90997196478853
82.5649228559964 84.82890972780758
4.375438047828039 79.71450897036634
0.8277145706450217 97.97158018913345
82.79694124897313 80.53904128305336
82.99801813454108 60.17601060441328
49.00563734436661 97.77533261313587
17.631086427958063 32.80485817686102
97.27136378615488 50.984806958564356
72.32971773410273 0.42032472305876256
53.99765840227613 94.10908683933202
1.881166935266776 69.47100149074211
4.415332416897943 68.22834725088246
4.29965518525176 69.45613900146475
72.59441740206036 88.92145975599041
91.51672358274206 33.47767446579793
35.78514886165852 13.14919165735935
29.861873448460752 77.64088193707586
70.79931062260188 89.02455059024335
11.631812176671064 50.72861430597341
55.13281994081189 67.62744076144551
5.935596658735475 96.66464187929274
3.3604554967199385 6.919235044785321
46.88391068706763 38.283616739445655
58.82352060242945 45.18629336395077
7.799610491390041 82.3202366411922
15.028749844962519 26.75018064223633
6.285985025106489 70.03831806242032
87.01559068103232 68.13457912137844
30.190302661243106 2.565123280852022
2.2941099980498536 5.208357763398663
23.410331124876414 90.64553163542075
70.14390552552874 18.717713519674838
78.301779573762 23.0601331750941
55.27250211680261 63.19110613768814
75.04264998640393 0.24768645589217098
76.56436044925658 47.29595896210863
21.87656741796792 61.451806425353006
58.92174359193402 80.4489971424794
87.77974598032759 49.7568205275829
90.94946653991654 39.16010062850647
41.4396200292603 15.295034830679322
68.06404339346449 87.47361253749297
46.55192762062027 73.36496731853535
0.23835738272367513 63.183914586860645
54.77200023289702 15.78665960963872
48.024317984223316 94.60314956927888
