118
1.508587400042094 34.34800496953115
42.845360711143286 71.84126449512637
69.3196255331339 73.34564121047788
93.9045175817071 54.066545486789394
19.01235574711242 86.44774764405382
19.12400553072471 4.974116643611904
84.67525876109569 86.04092927185117
40.65570229222437 76.77792462971289
84.9550665149954 4.49390841095112
63.81606974198545 62.997019929427935
5.91221133455141 15.51707999287001
9.67793438687009 23.900960797144087
83.3572156455886 58.26736036004652
2.758984972258538 99.01510703400153
2.5833011567700126 66.25156755483656
95.24630554906824 3.6406155530154694
37.425259903427346 63.07010439133357
59.54663791517919 88.0592294804718
59.68334065944369 93.90802140526034
43.448906936037446 86.2966329933046
66.34934182149227 3.46095436267867
11.429152344490156 2.6242712470646246
7.858255680635217 34.29302758238919
83.0245496645852 71.31817914898933
78.90573830782944 93.35115110631399
69.94683404063005 51.13773241861129
72.40366371847271 45.06715837949283
53.75483854075136 65.01600227961431
99.12834542740308 45.69468786341695
53.544254103666425 82.61594196541195
16.164316043272887 21.39609105521473
75.2938296303736 76.18314456611547
16.74262889640532 13.980787369489756
49.16601768291356 25.557351749619595
9.440135575296015 45.60164655461249
41.59823951886575 60.390137028456756
95.9773558845259 90.19031649702643
14.754003960286788 55.631843997842786
89.03863117261498 34.87037765400095
43.82988613757877 69.29722202712463
38.2444416239334 58.597592944666474
51.84285494211876 88.99037536931729
29.97016116650607 94.6899963094291
43.74869878940667 7.755500926732662
13.900153995105391 58.153000538405855
84.12773791671498 97.6382093277973
86.14818481847625 22.725779790970446
71.18275494018516 47.01461682103192
75.3295215945445 73.66726629745621
12.07000112706902 96.3911840387931
55.83921068142486 34.424805714770855
1.8772909632486567 94.28068823867487
18.062126681666115 49.70207365840942
53.88744435478612 32.6872795846217
85.0983345367456 39.51279235285532
37.61905622356182 96.99799324241988
95.02315082093855 62.80958753056013
83.04866370346915 50.069699034071306
32.0684554927082 7.602725775403418
60.93128130487374 78.53848160770207
74.92473817820627 95.44087551270486
46.11243768573878 41.000065028320186
99.35805809998153 55.49742808345079
77.03799561705851 48.84122194164875
82.81272836563363 62.6890892190359
9.468676052932146 85.5752020186371
62.03283948091841 71.48866699425692
86.038890322635 20.225130155349802
31.616610100491936 20.057970081045852
74.31701495509462 38.0430047622862
1.0672667295354321 83.67704693361921
91.92483963364108 43.53921693905699
87.53884038081156 73.05218170548424
11.199777454544313 10.213020500681058
22.49618004747197 43.07026498614178
35.37699266923251 6.867942478534383
24.04167035077023 73.64241915028235
10.023083583749138 95.44444161896205
33.23561190539272 51.92992743647187
73.96356892617094 41.63214579287601
24.80591733349995 13.93770504584676
57.54715523050893 45.928209836437304
91.75866993582902 19.410756093374538
1.958242585693204 27.143878161381274
86.55027523802352 77.0588705109502
8.292082200459628 64.16256116305247
56.54232392489751 84.44613932301355
93.51752707083119 68.39460013013921
56.063376491909054 0.15460576127257486
79.9603313462154 68.23582463547532
7.387766551608122 70.44096983514476
42.11902183485022 49.539892475978434
66.86309314254932 57.177732053262616
13.041355838978763 91.81677077942089
17.253457433966812 88.38661503631403
33.79036540827691 31.2121938662408
78.38933071918675 47.47308588818143
85.74817691627045 72.84022377904826
82.4004995017001 61.065739440327384
53.44561678169951 99.02635371606499
51.82685533361162 16.517509442164567
6.319086870277402 43.92575264389221
84.76015352564646 61.55437856028324
48.722938555328035 4.104135335587111
91.44928914654821 45.78292253058829
17.57160421312014 75.83407746394808
62.11782268497921 15.349823790980343
32.18081897764239 80.03590505703328
54.82496723392357 44.91864585993394
73.9760098954627 18.344634509778434
98.82255964243335 52.02693411369971
26.103506888336913 60.222830787135315
47.199360136215205 35.54522334405128
75.5293814304546 93.74301754583338
66.93038404029582 48.541152691009785
59.2515061940837 2.9758907830744197
34.23614341712068 1.584783924418831
93.35154385445362 60.23129844270083
