188
11.960178306659131 62.605151404873936
17.56510310298832 58.58635377321521
82.60657870706689 26.35229198937842
33.179041095807364 97.420006495783
66.52901622926613 66.06871408129622
17.98407111583694 29.798121588057015
59.225123269208225 75.95585107337344
39.68918051653449 75.4391243192287
19.24261961137388 42.333942115156766
14.232606594891706 70.59388315724159
76.86543235340434 29.426210681980404
93.59895607954316 27.857584169079185
1.3789567976814299 51.03786059352069
71.68104048517246 74.22946862266066
71.47684965297566 31.339441766494325
67.60320777196422 0.7504095166182556
88.75651537503656 53.3019981269836
67.1022716112336 67.89302119480618
27.049065935262174 4.202817695530047
85.02224225229607 93.82243953551702
78.26731814387526 4.127771121691126
85.51462068703101 53.79469185994458
53.500981013281944 42.401946796805
5.826821905203405 43.735250684403404
36.112278586261645 9.451786357476145
6.861540464909666 19.392861408081263
20.41156060487701 57.44362535065392
1.6268200390040066 92.1242947102729
27.592577254735893 33.308898541005284
92.718473746511 16.081727475721753
7.3360695757685885 93.39599717408036
36.11702743067177 13.042920443595262
29.63850927903141 8.8565977742861
64.6757442414656 80.52337308014455
0.6162173931808179 11.762087096106722
57.23599980183556 5.5356890374359535
83.37554642318685 83.24275192742557
23.861782068220204 81.03960342845197
50.07923465079921 4.058057225774481
37.49825612878228 23.571752124806757
87.64358787293463 17.24905619833279
86.87452224134312 77.30357693615932
74.47806250122969 33.898916184478914
50.64504158145986 16.555362911260552
27.435327106716358 19.54910609505398
40.817390311138766 56.61007448045077
48.36582109202545 87.48519184171322
10.790250972900338 37.806193043159595
75.85363121320252 49.441266257539816
44.362406626814945 92.72939166196807
15.184122415163348 77.69439691077
54.676656959194034 61.776860044234226
0.22392235660986248 15.272046656633387
36.12802592457154 24.745156728469798
35.28368599024178 33.23344844653975
86.27625526687532 30.487495745897498
2.900222435117672 67.34237073012669
72.33591561739954 17.280169998237326
89.10065864542554 85.23338554006776
57.11079365289362 49.49294620569802
70.09322516360356 80.29665851961096
25.239943789557994 23.50664186318686
26.905472831495114 56.97941932311402
59.16752720258317 86.21703111427294
22.953661752240773 3.0030857617113993
2.0314028918138383 70.04929843338125
27.950738529974284 94.91832804195688
55.98234330506463 77.52069838808619
74.38404217168294 29.581294748047824
9.724297318343222 24.622237052948435
69.213754350768 65.23609587890552
70.12373504263135 89.15387530296398
23.163969512873685 90.05917847932152
28.875373032868247 49.023371996108686
81.59538278679346 23.040465074040405
11.122013313626622 41.852069188618465
89.48443134627985 34.437368535966684
73.00741783089835 0.4728449013856495
85.884925823184 39.99337504770586
69.2044847825382 14.41899831583896
91.52249969954728 48.57116763866106
86.36643396542458 99.02374222116647
43.79556268587035 37.192707697884146
33.75700765452925 8.664896404663091
81.00882083879968 37.438182245182084
25.04232695292884 0.572297991599735
90.47730597989383 25.81658310459606
84.85715069746941 98.18063542390297
90.95963814385875 63.9696169654995
54.258844467252324 3.6123979879071233
4.936823487756692 12.372074071726924
18.58831410674545 23.606418904725533
72.76464473479646 11.80108254805836
98.35696768814348 96.82524824698288
99.81317543598685 6.529364423786954
88.32246355598446 19.792223843423116
81.44817216171596 5.941230391668539
30.33403064047463 5.734317281419987
37.366673945746406 16.23562841544468
81.73010679316819 47.71285869145735
95.62587132327248 76.78943701064469
0.6767712815561988 32.15260485974536
35.293267262643035 33.17969131987664
16.694646584077354 92.79507893440115
90.23973587260528 59.566575626980836
59.510710496664544 87.63026925090612
59.07148065772031 76.14249220686246
11.165283311554774 22.158762565322576
61.56331348326215 81.94967101677419
30.999942557611384 25.626056408620567
91.90994645977865 3.5398092832865435
22.47949584595811 90.48935915774118
69.46545667709835 12.701850832067175
71.54919448996266 32.35985413908479
71.1438721670426 38.16872504520769
88.25632051175648 90.47387920819915
65.93812292256054 67.98736245314238
69.18829730989044 28.91798560742397
94.12737165404599 1.1533253089223594
98.20554441030576 27.034555361939827
73.19375078194771 90.33386366669174
42.606565865104386 92.63715492661139
70.45992494029011 7.494948940801915
20.78080446032333 60.13642996778478
1.0689710346120318 23.82580380346022
43.91633823023183 76.60901079301968
4.3692276581878575 88.22961950124012
44.059778123891704 58.8285377458231
50.2670260345728 24.059623242914306
39.70151038135249 50.26153279255302
5.724553436394697 98.55526588459811
74.84892280543592 63.11720315927505
66.27173043161179 2.896603242635709
22.092175771908085 27.08443789098314
8.740198193641579 83.9485996470517
71.32825046342964 27.42419920749426
43.33136843852494 38.81788765438516
29.563939891539682 36.94676904792517
73.41110593992074 39.85193236485652
56.84239279143418 9.983057876881208
40.15986980569557 6.688619608497948
86.58927123154785 11.849312703416226
49.67354216936949 49.06551086010522
40.79861192490003 59.59251248997628
3.84588903359947 73.61772487830429
23.06679837606974 39.61463950026985
90.4380830620914 57.068898095145016
51.606793788743545 88.60624660297556
81.52218892714095 43.506273127017344
80.63236924013744 91.25983809553956
88.83811908928271 12.650691067511588
13.011026646596891 93.26233601833297
75.30019064707493 96.3464470460143
53.73991426216173 31.157358330017605
4.7690041483094525 4.739884654824433
21.680824736450532 9.231947744185398
17.472719419710092 56.311742864340985
24.730880317644434 39.41504830635155
19.466480357990047 56.65589858829468
99.54593746726651 21.38558120213041
37.74598275139704 1.7423069415011705
43.25438927562887 88.69393237586468
67.86700267208454 50.01860426021185
90.36860534370601 9.584889533724827
51.717552361705025 29.75015471140874
21.274919470409582 46.42486098944507
42.51751221704757 68.18004942832188
89.91317344009875 26.454241217075026
95.97620103304585 88.14222466967117
88.74190247499537 36.22387622586923
27.284897848843325 38.748299777609276
44.5899715075391 35.86700329118453
55.419643634733376 63.262751447491624
82.84336013679737 91.30146808668961
4.022457750361463 1.6611442340364269
40.43016266788372 41.105304127358956
94.14685590894052 34.38128930540646
84.50049734826605 50.56735982124194
82.17701258547065 88.89871065063552
0.6095552566396711 96.7395937456582
76.79484462879411 43.62421540872029
48.97802454069075 10.694432103077368
81.43541410075827 33.34269339679118
32.85385599616508 67.79146206743927
67.93096089051704 58.398914368618605
30.112555022937393 24.85762554575901
63.18714973772401 76.66705598758732
59.02327245202314 9.803061279161728
