182
20.554668148756928 97.74413013463841
49.21264822127844 4.210478388450101
78.93091085041874 91.46405013040035
68.57060741965924 25.310892313944855
24.904339436324975 44.42804723826934
97.23708481247029 75.80730506686079
46.4022338436509 29.555960028665986
21.861777802264648 95.96753720719768
96.15773514633513 39.36944932245148
85.88583654195435 63.14595070034004
15.317225750386044 33.03843647262079
53.94574702948029 45.49234477119361
99.43817121177865 64.87354441100776
56.45773537460788 73.64306009219507
51.22743697013637 79.38725513001643
54.9971502276832 82.7391513255281
90.74564260082906 37.64491372368614
26.497343752149572 66.56186001980953
21.106896360694773 43.8410764760977
18.666744426551453 71.50296685820773
83.72022050129455 22.066457347589164
50.544592138159594 56.31909985220067
36.88843788811981 36.55044767773896
16.838800966604992 23.700703558129664
68.34724973141718 97.08147998076684
23.63272871566093 46.62028375857498
34.427361903418365 84.96130500904358
60.241416715008775 27.69534357475213
35.86986075567866 61.13549070422637
11.757530786896275 46.407493505244226
46.76638097635819 37.71620724939477
92.58341857610856 81.12914470455877
87.79661952842208 84.03079379603251
95.65523871404525 49.64884107703854
5.377727811593658 23.914900653654726
31.218445510858174 93.91483186784129
18.000796346294724 29.072985341211577
20.91639821793655 82.87265680108355
73.20948911818121 59.08069856836035
90.45955579069506 87.24392828698856
57.659951830574364 36.37779166681157
11.794330018963805 83.17161055407722
73.7514409288647 71.93866111659376
60.01659952228707 88.05839328485857
20.48945347725605 59.087282377188174
34.92708592455642 33.79836573790869
67.93164392053495 52.8897956137428
86.69586563487249 54.08926295209563
42.91582316538944 92.81274771477378
57.13900152938274 87.36192856948296
42.98468999049767 57.131538973527576
41.372858405264324 82.90599658546695
66.7469300703378 35.161348822501296
54.17580887588031 64.05478123167634
94.93115412050265 11.962257793893528
4.640756128113166 41.365389593315506
23.68792804497638 99.83767208146052
87.0321350575577 97.97489280000072
23.26625310097763 3.220063663372308
62.415000529728474 0.7831580157679818
58.057299413469664 4.989107055891518
84.85744111863877 43.067420534372616
52.564076708427756 12.48027656624997
13.547043906341493 90.78551396834476
72.99011375957876 43.33046457933997
25.200230982042903 8.959676749097522
86.87012443430775 37.907069344244015
14.313853707462998 7.664719963564515
0.20961544820543576 6.926566870413476
99.32219568709854 30.287831102383787
34.50959432669386 96.71822626040654
68.18934278730579 82.59732143608235
13.69011216821 15.316610595449632
20.614235709399964 79.7477995671017
21.49374217145542 35.659004731232955
76.56534106036021 76.18139353791301
80.73593572257151 51.4095965347979
56.59875390130041 14.699825953478928
43.18682784453778 42.64005762551947
14.40087664484182 64.09018339233629
77.58415741934422 26.02905337921415
21.836209290140008 49.68908455004046
44.661081149502365 74.75848965018284
61.65003116399455 97.21895276518896
39.21289911587357 17.780937742169378
23.235375994878716 60.81003841014996
81.57140604858708 52.57939601731454
40.54142587272098 38.763997566887994
30.364445436309996 54.8878515330283
89.69396357323306 53.48979432739876
23.829426815027244 44.753231166222875
50.538535603272464 50.54411397974409
41.384509748517786 72.37364021618347
77.2616111683591 58.49840013468868
73.14175315252405 36.11951921400296
53.61543412741974 0.4636908413287566
3.8283875141974177 0.7888737255677736
58.15103142585429 42.2153859508928
58.312334506657024 33.70811407826571
93.94623526306924 19.55562428210812
78.64019861731454 52.67100680398794
43.21445588735667 56.22155247495222
11.9900411315356 21.846111525624767
50.75807752173007 80.37884156036172
60.469964000403166 48.62163608687412
44.53780624168813 3.4470359395756267
21.390828684064513 12.655923934609737
70.09167945489286 85.02422630354691
80.66534477233724 16.495807861885204
86.25998059197758 34.05073037949269
66.32421928713555 79.23834293287713
20.702365604507033 15.650701660954136
16.771234807825618 6.237583788671963
17.83298423925047 87.15591389073799
89.89727888723115 44.69412768255759
33.47152376241769 97.00951624431195
35.307770606728404 2.1008715702778846
53.29417409938404 21.08606808797504
59.02979850054288 39.35948730811906
79.40841809274293 90.50096002940876
50.69158701565271 97.37684661925233
92.96300294473129 96.16761513891102
39.56802176700308 68.48099274742837
60.997235029736174 79.9898123782699
99.2111157488333 15.062339789373135
37.8130010900403 4.833920320845753
92.33513709619442 82.94704901473882
38.09770258621985 64.16967928644802
96.21608255741852 1.32465021400191
82.27790421167673 56.90883721622306
30.34107144725542 1.6100756916684555
59.24187769044149 72.558388079421
0.8301689652322586 28.552654509050456
73.93234308080791 48.778167036596884
4.437122216950007 84.23180797320587
13.99745865830051 97.44022891311552
31.842407935289085 52.357963774942654
53.12080655793695 29.894123164660435
36.48934758361815 15.200883788114773
43.61284885018042 58.764473048687194
21.11307290120066 12.288672452426653
46.354153065826345 8.4911710625728
9.041159731444093 97.73901080103961
89.86786655775315 1.702146716342523
24.8949798579862 73.69423574961017
74.664894600196 59.91518595212625
76.98341951060004 24.11891332662559
40.34276331334225 91.59355426170225
0.5502540267090184 75.50053647750988
11.464915675294174 38.58511346349529
29.74259308589291 40.74700097942717
14.024718580115636 33.87877050088986
75.30596176373113 96.09784032136133
77.27396689872323 63.129687015822846
23.259118959896064 81.10378025392347
4.303892530108511 21.720418412441234
0.48301264150155676 78.55813724497804
34.59395821657461 18.149923864512417
4.029175948233432 3.498666178839971
92.21256343854904 38.99245784449247
15.455073866977187 80.81461625581916
99.3192770070383 40.051524702250354
32.69265309943948 12.36821271138464
88.07527893201924 2.644449313948749
85.723937226314 51.870238504033395
5.541248425357626 95.08739196597709
77.3360160333751 13.791427392983845
76.35411698690929 85.01102143063662
41.5957842565979 4.210919959971382
21.86572409791182 44.96915760593745
49.624554112195526 48.89071707542411
10.674395216762155 76.56133234714554
18.29448785025052 4.999135948569011
89.09390836739172 82.28741033821694
82.99620672426926 30.209221359937555
4.365089819131606 95.1474755403058
79.46709053452085 4.007464561052343
37.70791884985286 55.80810305354831
84.70378167685969 52.52531222140322
4.470334056689074 99.39962035580501
32.737094796581864 77.32609692418721
88.25913332512944 78.88231817527117
