186
22.82091543596172 92.77118225209641
43.076514815960145 65.7829193361608
75.36317408480659 63.36896771569825
28.98426008457009 76.8182840636612
38.98936059622897 97.92110145678905
53.41534202090139 10.254902249275833
52.57100113307857 12.322946369580679
93.04604963576806 93.27634511364283
13.191119122500417 63.35224142119963
2.6622980585009337 89.00236312120694
52.47982994944056 17.902085018581527
83.3024233004538 70.96975070253403
38.81935288402627 40.46354467369058
4.895787591437939 84.08613954200834
25.089082993902046 87.32372389838442
79.26967945286259 31.81063381892304
6.311167995202083 64.42497650028339
19.949814966106516 80.50950885000555
73.09355369218454 93.02381264996096
35.02618062388407 5.3017609596824
57.102631690141045 69.96769818980268
31.092062472278982 35.55911065704432
74.21437440868358 33.22433193806078
20.153973115206735 54.482984108223675
34.868310823274484 39.761860536170545
33.190324424837435 62.409918227803765
4.073015600717833 28.384920084658706
49.823844921949046 68.62126040561705
50.2321200794042 60.559172923834524
97.79653216467189 59.571442939438434
26.2089776886838 28.178100467976986
31.730134618486648 58.19808064916471
90.93348675036724 75.87561552824663
29.580395108967718 51.21811390947412
45.32109385165807 4.025996210111549
92.47456322953926 89.5606404017399
81.21294714846537 48.598290245086
74.00474756845932 39.96764005695665
48.269267746427325 22.886881619648157
62.511969772193865 26.51931539467556
87.98055858312553 39.2942959087942
12.713959857597379 49.85261891108729
12.832464161035551 86.01983427925501
19.863715426489904 81.200305692271
49.86926539505748 15.017566559688412
16.499159990642 86.23886260053514
65.73371313138342 59.99590041756594
94.5559385622781 21.200990943698017
23.059401722125383 2.308289722406287
19.092881014226847 2.0790543306781872
59.4418717179157 83.45838386962222
71.22817287997087 92.80084350631856
12.576353156942899 80.8571899877228
43.01191337853717 76.04848294849738
45.62665535886236 43.34484883320987
20.830464736373568 43.75571841474349
23.56129540904064 37.30100968315959
52.68494461871893 22.222696142310593
8.541394840503358 92.02501523656034
5.413132043823332 60.53524757772969
85.39585363842481 73.9966155126481
71.9177353028547 4.462065526191261
30.80598981427858 63.36061297136113
5.209693443450048 28.14195555194804
98.06612201060064 97.38237832377689
12.482862989512512 14.259875813155098
56.41199732231159 69.75601387173424
46.68100989927012 18.936416572398997
42.41405836420794 63.08348672283448
31.94471791278324 42.28994432175091
67.03348005805601 72.42869271308491
43.789809575417884 47.4474525823686
15.580975753952032 51.10786292813767
17.02317985408862 28.97935728509201
86.808597636208 74.19968477174967
39.351770783102694 1.31551114590297
55.789895828389426 17.32749936679696
87.24417439990098 43.89694538984311
40.08855255745895 24.372415145213754
95.3394792557734 4.179020529525945
3.423074508493995 14.418788487347367
15.85438293771877 36.67950103653402
82.59675153535181 68.60514955817689
66.13160884364954 64.54200906981693
28.6923771046261 67.13900226751622
10.976284163870897 44.603100933952256
92.77914838368997 5.296210089436304
56.29448697972376 6.112015964351924
56.884056953634655 16.368664104538976
22.62650224349664 41.91765228431653
95.85424271120418 7.429310331547045
78.80646919586177 78.66242474593304
2.6776846362961626 2.1410206863992753
23.39685914108689 94.91479942746192
10.663775063528957 28.023730692143843
95.08150479522244 9.038454065480849
73.68676884135374 97.92376492488143
4.399859448733945 42.50526143791521
59.63439813546722 48.43292374495668
56.130220298522126 38.443544130865725
77.07600185745261 24.297780385211166
69.4966667321873 10.549188757458229
93.95971829189688 27.184460747535088
87.58651429243218 64.48931814653693
0.030288524330357447 41.80847924963906
3.4481223154861573 75.01688234578823
15.683113033507789 3.513323470275964
48.305874945219294 58.160476544320375
44.41965386950313 73.6232212264647
46.924519585485584 97.47536771157996
40.581989398401184 94.84258152381193
33.825542287406996 45.54357078624472
37.60238160531819 36.03994031158927
78.7269372033927 87.58353623258553
56.71451254078528 95.85447531994798
25.24357141712499 36.62821613260143
77.92621042661844 8.349752137763545
46.34276397504894 66.25587384598927
58.97323076621242 81.44595907854443
47.96476395147532 3.0081263521711477
65.38610238566521 94.16733569793033
78.14498844274407 80.16604130557488
7.585609056223797 73.63251155035985
99.04347797530974 15.920823110105442
84.14472414401672 64.25070058744157
3.614701008529586 23.588541021497456
69.49555417901745 17.465777393324935
96.97866755735127 22.972655376646134
86.83896123171252 38.90257877802773
21.82360335901731 14.259027606247942
43.45092161313 21.439592288796096
33.758165280182105 61.21583961398539
35.59219565069023 0.31718537763737453
96.61767637796046 74.44359549005539
91.71931530578425 33.704968770250524
23.235755379188173 13.559104675083622
37.64799872337426 27.531076068984106
24.69063261027664 12.487827371386018
93.85670091455437 23.367556115521214
19.650144947545478 19.417852361978262
72.5148899022619 4.516642011323979
64.39269844800499 3.4055122238634827
87.46598754400338 27.300331280997824
19.168147962162685 71.2377951091062
90.25241068334743 27.26066763391205
26.42126793994456 51.0685029907293
52.23829773369061 33.222700361974425
75.10100364253252 3.6676052895762368
84.00924875422415 57.47803522145585
19.308817064459337 93.71434793085609
59.659962480952544 80.02454843048098
13.251670105843093 26.570937573938615
9.197355455440515 35.27043222914066
74.8078177448631 98.0748004697792
83.89564613063673 2.2361418604242123
54.628122090854625 81.35320953964016
94.13406991171541 66.97902591040516
91.88454828989327 51.568620188125394
96.43242349270757 45.65824715904855
97.57794787629435 96.20488695865174
48.41278970985208 14.119238556494695
99.81631920163082 79.35272316349109
78.19966340642802 7.5857667037122045
7.23669554425157 3.874473629718389
68.93143592069147 9.228478680183327
36.4438588606252 13.24670078292346
82.45594973247606 8.898143795802238
81.0612819630136 86.30308084115502
44.17424703105019 61.19119999069697
83.51583494949602 8.932429924995034
30.20559838978727 71.38620584992437
45.5396857350314 45.66264954281236
14.75633598825622 82.38889267575186
66.00436046974339 73.6336206471351
98.83134002769278 41.87826950139373
47.078768714958365 31.779119932301025
19.6239736285606 74.06526753710477
53.98558778714868 10.175725310110916
81.86604207043546 33.21246235767627
38.02448408793834 76.56765962856275
84.30971050826379 29.925494449701418
7.024763312650062 5.440675809673778
44.93205538218138 65.71853277247833
64.92505865749666 34.413686467742856
8.547973999416492 25.491300489903633
2.6689316212003433 15.828400476466275
