119
69.44519940267044 58.43861186800016
36.274224692881965 45.673175273095815
90.67749115590917 11.223463831057101
0.8948781361840297 1.3144318141021794
89.72617786657473 25.334234208571505
80.67796290663354 27.217474990661273
96.66162966358652 89.54939061594965
5.85186516380074 41.29860909923446
70.67746387264768 41.204493912085816
85.97594973919595 16.32470581867761
19.26788946785276 56.769773353177676
88.61666159823066 70.06063960410467
72.01448364864959 60.91653166711558
39.356093538820105 72.61248265946612
51.990404584338535 37.55422767837072
6.4826494228355624 51.44964760345157
56.90435805520097 21.20979445146206
75.70021806228515 57.59473842135018
41.20801714279169 49.107634735103325
30.340780854566628 65.34220950591217
26.148988193174326 76.55861880959382
5.231356019510292 17.187875899071457
93.86345744626065 98.6569281603292
56.8010429896068 12.531405216640945
24.856285611009653 69.11230295895608
19.614648087952325 18.90147861672158
69.22630831469814 20.850443019125407
26.858948761836633 87.44075823678337
47.97381517379695 54.42707871211614
14.993907867972345 70.78463055365583
41.83368044645337 83.78484342005498
20.898540552551083 87.74834809641379
63.306905211928644 92.63943512822378
73.61286022996121 69.77705356654077
43.21942209158093 49.09522681875045
34.444300070438 94.46815841036383
61.117402496728005 99.441663755566
45.17673644418979 35.66156396647844
38.95686607036637 75.28758814092843
62.862044905815615 91.92547436927745
49.944854651300695 80.73220672726464
22.662744439897143 1.7863489511045327
7.1088806803761955 42.38686406921697
90.57567079238466 10.2491055243087
6.783139213348733 34.8433658827305
95.0506287921405 91.59557854303003
40.078566004913526 28.340717613850796
88.13816832819094 77.28649471083374
21.960301832751703 48.438629779494235
80.74309472334211 68.19963755004966
81.6405412443844 67.3129001039246
8.989397905544083 55.34209055940771
18.211566174873006 38.03807672781202
91.6606619881182 21.054126858712998
22.35190500213198 28.599433868053346
20.591544631154648 55.98191812433827
38.15334920100627 85.68925440980301
40.0959337248605 91.16814965273038
28.205055877776232 34.97404818113763
91.3569043960641 20.83798546595719
41.28517957818322 76.52913199582153
2.585795876949837 23.812924284195468
15.84294898648272 58.56538229200227
99.67657258135503 32.56488663828709
96.17552572619628 18.836425830705195
27.996869082191733 32.855943148521796
94.37412045878253 50.535598400611825
82.1651653670714 82.53586250416826
31.419920207811437 37.616006317036046
13.899622594612637 57.28371984324747
33.992773393007326 45.395628717987194
74.19283226078302 62.44563044854533
7.000106622102232 8.243034592455235
74.87012540830042 79.94379915541651
13.925952269761165 60.83493610212055
64.49626059155771 61.00475955740423
38.2475960569426 19.85750926930897
44.25928475407076 85.92092530388166
64.66984690468774 99.27784731050207
72.08467448650948 88.14277105994017
12.235124813324072 89.20019947565065
88.76599415921609 77.9823494336172
41.46335844259822 4.6329840430610725
58.85316299544375 93.90430871369965
8.862863140841636 61.94145854468947
30.60463404715804 10.009946808888003
83.2108636976922 90.98834603386535
17.558829496189098 40.284007720185436
33.73689651289664 59.39090614600786
11.271563734156686 50.4293308966311
48.54544145564298 78.32037235013419
97.98452731006886 10.643545493189045
22.82920627517858 15.640726156098307
81.27109408640435 73.38522918995135
58.433543182267755 73.89570307690938
53.42433225298262 39.80459403493795
1.5166598178248059 21.832614214826542
16.310685012809 11.954639058081007
85.39401092299715 24.513716825755715
29.09001841638763 48.4614093886012
26.058987987774994 22.765510316310454
50.00037893773107 47.643995992487135
33.65840501877921 44.69222001591382
48.29143824109809 4.911178709935826
62.00372448401627 31.13373128673478
32.88248136406631 23.370721737305576
89.7564717843227 23.210074932759017
86.66305042429983 40.23043972495912
41.31581986895361 7.109429555052382
24.407833740668295 62.70847097230322
92.22965953628639 32.66486885541011
34.71716906979342 97.60821594703151
95.56536688973225 37.674143443999796
66.22865215423944 91.7968959784073
34.945067759244466 29.56561294068747
78.92177608863442 2.1833290937421035
95.613528116102 36.19901508368479
72.86269960840858 72.77789434817136
49.95429300030073 66.88486037280572
