19
2.8861850704994585 36.99820438775841
81.38124666112715 78.59748019478468
16.52118614368424 35.18294342653425
81.06085769360918 91.10827364547607
20.826923906879745 92.27991097213933
98.86752510419592 66.09846980804784
59.47411692848649 61.911828475703956
93.35007773612121 6.720241131735238
87.26568253327513 97.24390987532104
0.03737177734626229 27.86337354059505
22.29535641325703 97.49558436384957
90.26260208217836 88.43621020303375
13.923400750661063 66.49593830486663
36.435534433867545 61.311456998227186
24.116877100207436 58.521472305092445
71.5752593208835 8.118843916329933
43.459601333211126 46.19793056739867
87.16212124404791 65.90503760174275
28.568700578178643 97.75210920506842
