130
33.66852578216161 89.77715005507902
75.83502235254245 11.5968244925565
22.408240564244775 89.67507454958789
60.29475870670799 27.020476391532966
47.79376316045014 22.67501643557167
14.746131387859718 90.72872482272054
51.72648496933171 70.64795915839784
9.463733666306851 80.55540207438303
44.801267002338896 24.23018035739316
61.82417494332465 29.368470462096596
43.69177164527221 28.73127750023802
5.3402222943618405 43.40370312963535
28.9453688514832 0.7874056601261281
79.15242515295373 96.46077964535283
51.969578343483455 27.16754547915493
2.6402775865243644 41.35908027352496
12.661767822975811 20.497870976941478
96.08033283022162 88.66889149390073
82.1750900560755 25.455160417328827
9.043102514721902 50.11781658167174
24.94030634928286 66.83459788609117
28.596374877499954 43.1242856671908
76.78600079751503 34.95666578917215
39.52941390264915 65.48643415206796
50.88930301422299 48.576389722098824
85.07064409718949 2.498715997201173
43.07032720746331 6.285737299697136
79.71445078112542 0.06228113488647713
40.64866031722274 64.23496219485862
86.41493735833812 60.827454230955155
61.426677528970984 27.876259205310973
77.2185857794843 2.8243107298549397
81.49464579111148 22.767729928552317
38.18434764685515 78.8646149499781
7.5616213324243065 3.9736162778041595
82.18836555750096 27.39410692951885
79.61646396642499 82.93234529994447
46.09660102723626 91.92720995908851
60.34686188790225 37.01062975867181
73.02190452876263 98.11665013876079
45.41453240527784 66.3034733465885
7.066138297777524 33.419475543590295
79.37844796827552 74.46727131680606
54.47024940987443 35.51032814521932
91.34793040579183 6.541010907251998
21.20675030155298 78.95804811228398
85.71045208811393 44.25421124048794
25.62904204618205 69.06671764818657
51.331622739039574 21.779727989670562
16.81274704108381 42.90002545620178
63.29262779994015 72.39372684347983
98.1817495013726 13.712995129445016
79.93229675554336 6.593568251075332
64.17080449960076 14.166858740967736
65.06341966829949 48.227784716293876
81.36115662851256 49.994287907899896
25.28264882175145 87.72369440618209
37.83217903824209 64.14234028869056
98.686393403578 26.435469072523087
90.17460823001674 8.78875216245839
89.92197229983405 7.949096115422316
7.798375282952918 55.72160542921731
23.373658875809213 42.27693487012766
20.50582439016574 16.50128687167235
91.05082324560496 32.49839598717341
15.91323331872494 58.395990909920414
86.39199129947535 63.980587478984276
46.98963597604149 43.1847507941533
81.70990319604347 81.15491328891848
1.470923949195213 22.072948134616844
94.63781593358333 22.415584032246926
56.26514014498586 82.93088279113043
78.40790919563196 71.18666873679133
81.90619870521768 69.81194218480312
18.862000910656295 81.49557619934296
48.05382138484 2.942074092833391
19.13881118670694 61.86205201500458
31.67042682704695 93.8246198849334
49.94725258809607 5.2400343226480235
27.166872764034057 94.1079782204662
54.95561352322422 89.47139760039728
76.68841457337842 67.70691419111257
4.921714709177416 17.432642575211588
38.31134994985814 27.38363714258344
50.03775316026747 59.59287503336923
17.68027855995197 48.06510697671177
74.35821816360709 78.08221530792721
44.44086767128813 65.06485237927855
95.17994320064467 51.83630242264559
22.205276615111146 46.71790161440676
2.33417630710544 36.847410267106525
33.50064154130376 7.514053727795478
67.07315756807499 88.58608404925535
60.17785432816678 38.29210217829646
18.48299320706046 35.82474430274745
75.46318800813943 7.127850780689549
79.88611558453235 62.12708790563233
46.8416247608716 86.68764441352465
27.56966348762784 35.77332922626978
92.19835340658744 38.19611169436461
40.50840341146147 83.87053925150218
13.605225633516183 1.7522881520273703
48.68215806082284 29.56894911749348
6.461896932234601 12.934932544701317
48.53202888033978 99.49639449489976
82.88856141178671 30.015271089690476
4.601940638213886 55.41549408974247
60.66687487345747 73.8304330799307
56.277044329248405 2.3410281181838632
82.99291996333564 37.072607318287766
91.15123393555848 62.783092935286376
77.64455650714692 92.32135517632146
89.68759620904913 47.60202092578414
3.8839852517969065 89.99399189517455
1.1601447924086683 21.81115148344539
62.93121609900877 50.7469437940289
66.84547797299788 54.82166712981886
14.563048076851171 46.42390108935444
11.957456536395394 92.20703518676551
31.66481722124037 63.77685964419978
38.29711296307165 15.949287692858094
90.45493270942976 63.221464485549625
90.18940877354127 1.7928566669967672
73.1925198129263 80.7728590927924
80.78884457381096 7.031286673403581
2.9421324635309998 53.91324401378653
63.56546258656387 39.920589342208956
72.12178915920676 91.05367009914784
69.01512978281427 84.51515761919853
75.02910635144961 89.25163512600811
