111
85.20096437455786 90.49865083486748
56.481616435040586 36.56279011701849
60.387787945529524 5.807013076241796
59.98130127022206 76.4981065072882
71.1532063759819 71.93110810578635
93.85945661975859 13.798354397867374
99.27147906181654 90.53916174909958
90.91399428030235 41.79217521784037
87.49612353098316 44.891004055760455
38.046439477472596 81.41770449358967
6.083265677171912 19.632180800174826
21.956938570648653 30.890745055152934
18.91306452263447 37.25190639917636
60.263794608193024 9.64513862530315
83.05082137711327 28.43571328015082
60.45742306707873 88.97068115810481
77.80987045549155 79.736349734387
17.92284320191705 30.799766865106548
74.51720965648038 89.39165532494691
85.61554307042059 36.87674919439132
7.688133136470398 82.40525861126042
9.317514492862156 80.17838440259618
13.249371073411332 28.564584425425178
68.80060415482622 13.696498056108275
36.149869674334845 7.58712369148774
53.30419075152805 89.6873849863464
38.40298469509522 2.612643915831403
32.104825220883384 59.22844571984754
49.15401210427325 50.00438012657905
22.400469883775475 36.44363682995604
51.228480153149015 93.54633920412202
61.4569242868971 88.18668314137054
91.7612486806357 57.80881263554766
16.75540805396196 66.59111026937539
7.432667128446502 53.26479333543649
29.45538924482134 49.919157863359466
46.79551701454394 63.365390021308464
71.14033176804017 50.99002009466095
47.237909011742 92.33315576030365
96.97053904358981 0.4426344831291562
12.05215129800642 61.49312181666616
44.62744017316126 64.75963659423378
64.84560516484264 21.801503418906098
73.57407722414496 54.13054387697747
82.1442830409972 7.264157137423066
64.35411674113621 25.665855604930854
64.14770527227861 28.704246910768415
29.901849589138184 86.25678336461233
83.09635039565026 56.10968847668162
43.298263841217214 23.927339341507636
67.76368198576387 70.08616322001858
94.97381034197866 40.28762542225345
24.920441888146026 44.26066511081229
85.6993427382591 73.5725900277682
25.36565702307182 25.61437466019737
40.089268449625415 39.0179412004007
64.68049471369402 24.598577090083584
57.407131595427366 56.291701664253566
33.10129493407641 53.38318826133555
80.65409690912475 89.91027346536987
87.34040057565288 61.79444691607843
42.18693562716746 26.74795040743302
96.35092833534985 45.03333264153385
3.856235801883978 22.04304437916035
70.0189207713701 7.548269424345677
33.38064123147995 25.778748346464642
35.40599064654808 52.86142613817145
90.45041269218484 34.858963664176635
12.282633512906704 20.75245736226603
40.56993306925706 52.48951112001764
63.292671036718986 42.64348480808329
37.27989488323428 36.463649277456724
47.553556353173256 37.38972302772794
1.2925224828655324 61.29208820046852
34.868191261593125 58.84409319047689
63.23753026615913 6.176045280054476
12.462029943859655 82.01432852326505
85.5781472247408 77.45638486598182
16.28354220733854 39.759963838956956
67.06068590257442 56.81249212582743
57.47581681635376 77.3134603598966
72.92765368812415 99.42382516608505
66.47242104420027 78.29762403579798
82.2249933936544 53.08930281478374
51.458724263471275 87.17054595603868
29.87076518228203 79.49856943701405
6.226531074949248 63.300076516918736
75.26346481402165 5.468989559895887
14.163947431228163 87.7416969676559
10.36411670153412 83.355358802547
68.74314324130829 56.39069405633516
48.341763943709246 96.62967177767327
96.91397570819508 3.77834787420539
34.85909384690306 16.955297435626328
88.05553721352982 61.80210018470827
0.7562069478790012 19.24925105272839
73.86077857336767 49.95667262954693
42.70267904131521 80.97827495002117
92.47229228699469 2.4133420381146853
41.27671228023344 35.91096323048556
82.5669117084225 15.516621701913635
97.65885434389565 33.62521323533446
62.89002595163308 27.411202853815553
63.634595375757165 39.42427186575797
45.98178968924361 70.86530217780061
2.429224223846871 77.80695710864894
12.584506867213785 79.68983375824332
51.10556987516783 22.874787245597826
44.51530992945179 65.85622246173564
64.52906561230962 36.57561814844207
25.210478560843576 86.67741831435697
