151
16.844539660905845 27.620804516472074
60.29128106398418 7.827417065791254
29.31553749699066 86.49197844108329
59.70481962913533 5.354755688665125
66.68620628191734 37.120879148875844
5.949794117680041 68.7158419382915
80.36069179481487 49.37840401647229
94.82039205658279 51.42535875645351
96.94526341541074 44.250395866441124
66.45667930443283 90.29332633514096
12.87442521669826 3.0364824643354105
32.852175398987704 71.2257665201996
46.9608907621817 63.58409003855081
92.32087101001899 3.559392762509772
42.05777186399362 12.01152556551146
34.76672439488707 34.36933868613138
68.00572917795122 65.77162131266022
87.95734135070087 58.28802001705047
39.79391862155399 10.250621085557043
65.33355842811042 22.59290993390448
50.72018371250233 45.88168372592122
58.791584588774526 31.207909264078815
88.05916137319714 7.385083292168004
63.882781036796565 53.39234266731925
86.77779977345716 31.80839629140395
26.17913742505329 81.80197385392883
65.34060261431381 86.59769678196865
32.69377224486016 4.193798789231574
10.174285930837435 13.523067112026045
20.401201546564195 0.02445257823946445
88.13601974569262 37.69442779528324
5.689161072336124 50.76523732675301
21.076415244185608 91.81617056880606
55.22030440614532 67.94544455533264
39.354417487681026 41.30679940959633
62.86972301091216 41.2921182006631
6.177837243754403 41.134509078414915
24.611765169063215 3.577808122559234
38.76046507199915 49.70802616284451
38.83306233905331 61.340067235848416
67.53981524766341 86.97064577246448
30.966518623241345 15.036990256389327
52.42794263865542 51.919124254910066
20.7207892817328 69.61863025115123
96.63998821508105 8.757721744521795
30.763486332391764 4.746271647644395
94.63695970397909 13.9760479851196
70.81361810545643 54.18150431664065
7.405450949872517 45.87395152541719
78.60100624791826 13.14125791400671
23.878493796901278 56.10383324023783
1.1378562962587657 94.29149610140051
65.43058327951995 27.970275148438972
1.4623402691590126 4.7205449845987175
45.03338675655161 5.721132762340608
10.566912747678925 50.86467001796099
50.28758821068629 1.0613231129438794
70.67501451325543 93.32764811374979
40.78378309725371 93.04942060688518
86.17646202638178 84.94772936855017
80.67951834659175 7.091375917821463
58.43927909873027 14.309979047603615
13.788088502687312 44.07622583301085
37.3543647789858 35.40322046000236
13.541639080819202 36.871264947918704
86.53202586086522 24.991923093101597
21.96567629206382 45.47823725200322
33.577445692072736 38.650217325128736
43.91580927810858 28.370637750146056
56.278601681849295 78.92593942806457
3.828105133902049 5.9788275093526355
98.7663945142066 76.64570638464959
64.89589262347096 50.09885141798317
83.0981691893853 68.82742475804051
87.46164305950141 77.128012032036
60.03606404407723 81.47254112278314
57.80674361359741 64.96146649128079
46.05704621166845 42.433658573058594
40.790816013338 7.984987890206419
36.28343762412338 63.25381260173276
19.620027847586265 93.43867373128035
21.379372641081375 30.074198737129766
15.36545755819818 19.132863329007588
7.72964998695439 69.3646989635642
94.70530226449429 72.62610148969378
30.105548007577376 80.00320037512229
87.95035431034512 9.009549339390233
89.41224939606636 2.620154393249219
1.5283064130104163 21.748444042571393
23.549907514851366 90.19374116056328
41.878620970231125 55.50542364295175
91.22883045269016 79.8266664573574
23.692009095495102 75.23336108114042
92.15513963461336 69.04556588221386
2.926379198842155 42.90292171463145
83.01120689237453 65.03050762618037
54.885520931085175 84.26846892905012
73.99856703232307 84.35488495313805
90.6892548254585 45.6419719743273
37.289736421746156 18.980724935976045
73.80407206658766 80.91085591458396
33.72052146875751 50.7045254199056
76.02809579776653 34.239785542539906
13.995742792595111 84.47401313423619
57.2817861664649 22.548641358892695
42.74415582997138 40.76687086376848
16.73792722189471 16.218776610488316
87.64821440719433 5.3685112066783836
12.359097753512016 82.77483792490357
32.68193656778563 93.50231885243515
35.592576156298335 94.15759210331954
50.158076424192345 64.73208289053841
68.3998112149874 93.68787684121338
61.58686002478794 1.9704960375045988
66.21108445219328 83.42465858032597
5.935004285766132 33.43546808019612
36.00006854877773 90.17065939496106
29.67597625637559 30.12389875730769
78.14292928597105 58.72687920720801
64.99214169401706 39.82445517454097
51.73507563820863 76.56965701217334
52.09537896876625 37.11761709265995
33.38353541459178 73.97610165090175
43.43717771511666 58.881005167009995
16.54084991590579 15.623447340431074
24.694617004940145 88.6939529042202
65.098534721982 86.5634911184732
4.383403595966828 69.11154628668895
28.60364749673545 30.679423079741465
17.81770007897494 36.77963554469643
14.921375853004882 33.4544752579357
64.32358833426385 63.18814262833411
3.947615242283453 62.89856090082502
77.99287806463666 23.38359665931744
42.97983783859268 92.25144315798121
6.535784664160948 89.30729202913031
39.83245956676704 46.63739886033438
42.69911564419723 81.05435839135963
59.79108545172445 39.95338503632778
28.72808400867257 54.136667024507915
39.05335231784566 20.234666018240755
58.76470753420243 2.6522454644064997
55.82588810922333 61.67073748632876
98.38220852540925 50.47889262827392
47.73686805895948 93.42464441581441
35.91337553311868 43.07554022799568
78.60006230848352 6.358039742295418
41.1941159362343 86.23020806033023
48.6367903259792 52.15120327959619
40.22313495362951 13.882287300625617
48.94701909220286 80.80655971173867
