171
80.95399370375486 96.41206998631587
47.86277823103452 19.371303761748337
26.512607762060725 40.10898874663445
64.44791099179741 63.77457576964355
62.401500596177954 43.12915940904723
78.49739014495597 44.396823544317655
87.42872314293749 81.9836947379652
13.285861652101739 86.9404823051631
9.376117075956236 94.47742252547567
60.88626253674823 60.544222281434976
82.65204883806292 6.159071549694772
22.136436478407685 83.98770262122196
23.17330642197777 49.148395864016145
28.397599285039142 20.368375948240136
75.79833247823284 41.037406351725245
1.8925980964017097 18.110560476495053
64.96155536715995 13.218363580097748
48.286838786802676 91.24967148793506
82.54104296175234 9.694383316544087
31.67522358900475 18.429921544552574
36.414481873025494 45.696106750649015
82.16486565097229 12.076951710148641
46.35496982355317 98.45447885334096
97.99943507441996 25.492150340423148
95.47286323861815 61.36072540293935
59.33185589954667 93.61562694384348
25.184524522604324 61.562374194394444
31.05036897245361 93.18893507811387
89.55867377908737 2.394966006635302
14.970555732659507 36.47888088471446
93.08620663555716 94.74359803632535
67.56919553536399 64.6604749397682
7.177930973970592 17.23649948410293
71.98145033157562 12.119138872150936
41.92705412657448 49.83177193499684
52.18531699180042 62.73633484972218
84.04027969592681 75.05833872457805
7.668257262898026 76.71022524626291
95.45740627425174 53.65552621627532
87.23494248684464 10.496692491550675
83.28397554067736 83.801137085788
8.581005496347306 70.93525415884656
2.9337476476881563 2.5704341104246575
38.39344963914745 32.41502010810897
41.148574635300214 16.859587598420834
2.8606959849135194 56.36744581931698
93.33362019414689 5.076930952094461
10.4808313201469 4.675785217584217
63.82342492332109 93.12836323814648
47.66320564083588 71.06366875546738
71.24827272970795 79.85524130799556
56.299211648298765 25.683863521560703
42.15774596581072 20.85436029234825
45.83238914580174 20.17081009758279
14.769448132474917 40.890002194622234
8.522161895487256 22.058461945912423
5.054851252039894 34.257976869871534
90.59263016077264 45.12130615512462
28.23681950263841 87.89373977938897
41.87260372734297 7.064148432443728
96.9930933322033 95.45800911084044
10.459575723203896 47.443199235829624
50.3047365114251 65.50022614448898
52.18206946393534 98.51950282232653
31.344701002986643 24.396400696982056
95.09251419089037 22.585537235392984
83.39603799586423 44.995734869648665
41.33820500059122 64.74040578308508
59.98820780213943 65.81858450316336
96.9803868525595 32.55217070523692
85.68997230408446 52.85122779057004
3.342941124157617 73.07869835832317
38.06574771950682 42.01413524085551
84.05969978150735 40.73063492491619
72.06357247291494 71.23849050530248
88.26838026970924 14.74608401420735
11.357649997477148 96.61011338653967
68.80870820665706 20.49973299057123
17.137270268865368 91.48489586139684
54.65218729937224 31.36014066297218
40.76749985087239 27.598347382468923
22.573788438673958 80.56153282366
28.55504475652574 21.56494821043965
90.51353631578375 28.091957006131384
20.331027903665333 58.45135096055779
61.4736522017719 84.30408371741795
96.20511132194457 41.37018584209746
22.645692490411594 62.94257019601457
87.09474178945679 42.22303188747076
22.856038438100956 32.87413112264741
35.628160562648425 33.26932064493365
11.966197215328666 25.460579842523835
17.412878453794956 19.795389596791612
60.40267754234958 77.17449196597506
69.73747597544218 16.153084630580373
39.04981837398055 58.257837453288076
93.1228149797487 31.641366353468147
78.67336836446027 49.9616429255309
19.410465329863047 60.93013325545562
36.24938662272933 22.947071734899993
53.96162398723834 72.17424231909442
59.588773701571895 8.841757915194293
22.810740314537437 63.37149510661392
8.007872378840752 96.6176016349731
66.10748869412268 93.3532272798359
28.238727867031766 99.67922340823013
0.5749752742397529 52.99308344315129
17.473975969533484 61.54158739864305
82.69446506013252 49.173987582079945
49.143326420247725 95.33219548019716
20.207301733295267 53.67628385108981
70.28733699851084 53.32990135270531
37.13594215379863 20.167074816167673
94.92134621060102 24.13404017434022
73.1560655375176 76.6597121067462
96.88560588906478 78.03412393875043
77.72921081752821 61.67761503651348
12.342056435060245 88.45452807864477
75.41042292728848 71.36272660181493
48.10633540393078 97.91085439612911
95.4982885837617 19.265130512025063
59.805001899223086 70.55167057437922
39.725282805350645 18.49013693622752
53.98990104649657 12.282837497821507
92.23789972339289 11.60563525746845
62.82120237597306 97.08199071953375
51.19076310330686 66.95926264800964
33.669028920552854 47.09488736573272
77.40124208434102 70.77832079723197
29.299515736384972 7.062576540749488
17.180160859556825 74.07164677039256
4.4339551998634485 53.599457279377525
46.75807154321284 95.19151826939498
68.4446631146528 63.53491442622682
15.171775564782909 83.67378652649946
45.50959938485121 46.53683531338333
60.898797999700825 30.267141394165098
50.43062384048884 69.86396207037494
85.12426717347081 69.19469763537562
6.440061574725875 99.13091895443904
41.31628599339109 27.6520403324641
11.339009793758137 67.19368127234372
0.8338026535886445 54.90978295342715
79.46497126281336 85.13333455328645
46.25583748009261 1.8155546485626894
56.329467598040836 40.15250150332618
12.122210378700471 89.68119969029328
98.64572914634884 6.5637373317363075
14.412973490554792 54.84444870860532
38.77079404582505 17.90553738974846
56.85836625793943 34.469401316636684
31.849264833614953 64.60277301348873
81.22927113972001 42.71959185820372
71.07829921659919 95.59286615966569
16.876116413084898 59.376060038148495
32.57524857144796 33.47404412181505
4.648203924446015 19.884485389760187
36.203451420489976 54.3986584565032
71.58838189969163 53.92282490275252
76.1353173051295 3.4700370220121846
86.85065148180976 48.270770535977384
8.639320472659161 74.15848625667918
1.262543261939142 83.03424991794452
5.5862329353612905 30.688974086088507
92.25283835146637 11.17023695848186
35.86468879980964 39.44014371345334
14.353397993402627 45.747522990928914
41.77541011994298 84.3037143295697
15.410520869750222 42.74546418173411
65.07009157452953 50.599958541606746
87.03836209839983 39.16063043333986
