132
61.14768240662397 60.199270390675984
99.81823770895413 60.86370560523749
2.159222638177738 47.018007298918384
41.463492065989804 77.29152077734837
20.847433542518267 0.5610952140626124
60.17783259993876 63.03359291976898
87.58721903846674 81.9486285821116
88.3982710806853 2.307674399251769
13.126912914786292 93.62540807935737
91.89760488924233 28.626293342492282
19.523320923635257 81.2837290277962
1.3662461865898923 49.49538853660028
48.63589693832616 9.798046869641631
55.861366621623446 54.179036665017996
24.560112282749323 16.680903261487877
28.62674447123611 28.8198095960442
22.816974112952416 52.93784155212092
91.3261431107542 74.95716526511738
29.087540602154448 84.99446765810468
82.63923594824338 54.91051875961649
89.26770405733474 0.3116230258558006
61.94384461741998 29.58547964344659
74.8970471540787 23.422797482002256
61.4171162960638 9.713565434402438
61.44825982514611 11.6738712651411
63.380747485089884 37.89461968707455
72.68232717418007 79.81624538491495
78.99817320581306 3.619591323205684
27.945173005642822 38.8726018619286
6.191345678578819 97.34422439344502
33.095506910990004 2.5553996581532012
64.13201558580035 2.2900242761364376
55.53182547002747 19.403396566036367
64.66316442539464 50.20130699791464
38.254334207334516 49.88042290753854
93.06732809086046 2.055660825031236
66.42262398160037 69.10491597217542
94.03593164862602 96.12657716515488
16.39034745036142 26.208921426704237
22.852072710192427 20.34702048553928
80.99045496690114 96.65411272178116
50.30416339496047 31.17161640916024
3.442609481020109 47.62775896211118
97.10719328897841 92.59209230200852
50.96750304006401 78.12564694472958
4.988888150590642 21.526849479248746
40.67436233715257 81.70103750373468
43.562703483644874 27.11295312618548
53.44536932471373 80.62520246215126
28.240015675724138 87.27187786674097
69.45481140994484 1.9316893939883117
87.22254049394698 57.41540139192265
26.12756420815382 91.17348243742957
68.38363650004935 76.74145966872207
84.69001546552973 14.18355491588933
88.6256964807971 59.69042927064716
90.20085477066542 58.91213278263162
17.57611419281916 17.5942698084814
97.17110544114144 60.73969555166324
48.528414883387825 48.46570860151586
57.562391747982424 96.85428190780375
10.808802241576387 87.33227659854369
59.92110326715796 58.744434748349676
58.165886169084835 51.45292560741053
18.173063065180706 34.008724338292765
7.996705873506771 95.6872611806217
74.01599172532481 77.73445775082655
7.554073761468816 36.40619013232396
88.86345395995046 16.32289150057278
55.46804268463187 52.793113173240336
68.54074047535877 40.762880743536776
99.58159182503212 28.97510492983929
64.86436711904773 43.33435667525468
41.98205304031727 61.468761992323174
50.11136035992868 47.68387398264764
23.09031860819327 19.54159052557385
61.36362476258444 14.416000337517287
68.67936297138453 28.855649476373447
27.167936608410603 48.454974311428856
1.2088050635544967 80.3059501360446
57.09223631921462 95.24200755057892
78.85251768478552 84.46156544950111
75.60007470223648 64.52049693255165
36.888620430050736 13.315309504264228
61.018621870871335 97.76536527036066
79.38187660740738 53.1573687693545
41.927646476928146 79.98075415205086
59.92606482261535 13.036071651577863
96.38136089875641 8.241124763326901
45.90791755260336 77.47654718966488
38.85834029888282 58.43192160613596
50.7208908815574 5.316127312395935
38.283075260283375 9.362824229180456
72.97062838399289 96.17982412072887
28.105034160368692 3.261866900158883
66.52850632423028 20.562382736644746
78.39573586522388 14.241776054676524
29.978794005200392 63.439550534367896
58.621915553191386 19.171360865442743
61.49818044650136 28.34268681813984
95.56595805938781 8.80841424301586
56.9490566908592 64.28847381656065
76.80735065452778 32.632637214669366
52.772842736009 34.33286501947164
85.67102194549128 3.39638183789599
33.30600616033881 4.563735076532705
92.87892364261147 46.07299150888371
14.117989002595499 75.7525582979761
31.60024268847814 65.57437250400785
85.52872420157833 33.88780391947142
17.946692639713604 8.838158260146688
13.379188192410641 71.5833611681201
35.44358145741009 74.5161689157759
9.939337284515792 72.84600569249093
3.53824256224321 7.678278804676397
10.176622493724075 71.08134791368576
62.50920749886318 42.14962671797691
96.84731465318798 56.664621116444515
6.967252954987224 1.4076999267949697
9.360334161886053 39.641128117471204
99.21951009914648 97.37092378308539
43.42357054570495 79.11547386820064
9.588392588173722 56.20167777185409
75.39901958640385 71.22448218655072
83.61690330953375 95.672297091255
98.82364399793265 56.26997404074427
20.776231825788784 43.261386172503514
7.873944614314254 1.8602211544707425
44.36739127987196 82.9165526384845
20.9908436092329 84.91282951355028
48.096177682419075 90.12832507900804
75.05540180496865 26.03138849851696
