190
45.23603195144773 74.91786629346863
92.56240283213279 14.255450200674346
98.67589265432242 79.05706738908
51.68608460145523 42.83685386745471
35.85405955965669 68.4835544733956
53.22397027985964 99.92129026808473
80.15790481589133 58.07643241438828
26.129370480289595 17.831476125795696
23.616047821111575 92.21135852192154
80.85799142117746 43.96122078189075
58.67930890315378 26.855788580720187
76.70482642509887 9.664030848881577
63.153883703727146 10.925138269367851
81.15669653758647 11.882414597857071
82.9481308904059 61.679342901001846
52.39048928851147 53.4255687927305
60.36724719369111 25.569962071374597
1.0441192105057118 73.50810679148893
46.456419937507974 79.7525860537749
91.93416701173497 29.783836663889463
53.50253070589596 45.02861995697719
99.10357483165357 86.85328511217404
28.49999570319185 4.231777436995554
41.83793540616405 44.382965959553346
93.61814502987154 50.3588990628766
66.73006747887922 25.640593757177456
39.50627860598937 94.78309178532166
34.43208866141285 29.171113795809955
50.29989133194849 31.883296017272677
47.741286218990474 90.65328938946439
18.72572799892599 57.16898204745973
36.68541786733795 56.573435855447485
59.39848437211823 5.68224380102984
93.73505633838727 39.37981682089957
65.68369979458704 38.51179345833094
13.482547074618523 64.39830898827077
76.6324433066316 2.9581188683635684
42.110301496739076 14.7913188593361
46.279532841237135 24.55990358484359
73.40290731197291 79.04777026203038
73.31387157041004 69.40440709027209
72.03232515130071 92.85064380989297
63.55753662929712 4.700708683907983
7.993781749682494 33.1187927123231
13.729322006672229 97.06389969844797
90.50272798781724 91.10558189802748
3.649807712071196 49.44484687213833
59.187383883698274 44.61746675490077
18.75159005442373 55.18086886097995
88.39746297656467 10.36062714807442
50.51977958590662 45.775636718440246
1.1545180738579575 88.26885183828807
94.02100434955375 78.36099080297511
51.280350534143416 88.92218241170275
98.40981812041095 11.38274061074629
63.92004061095699 6.289407258617952
19.43550834580211 67.1565716532795
98.50830073483738 68.45070798445872
22.100417375310233 19.04143533466285
86.83012019967364 12.031960574670519
41.76055088765985 19.48359699831357
49.03450939495576 51.94469625732873
66.79856106149995 88.94378457015006
75.58636549660227 65.65277447266725
5.759592637739297 79.54076238767053
4.181841715203516 31.782601571883806
70.39064184983171 86.75017452055661
88.58232307804816 69.16711601035831
25.861792812355645 10.736799671737652
23.319702611949687 87.49371124056394
35.475882247050095 6.468960593566808
3.1294393963421707 48.50631481317579
3.050316249653562 98.57680837504707
20.027208094302505 6.96313837276703
24.70943995014071 50.62453595667938
13.80977030024042 67.79835534603042
2.3321247532688827 10.90428443353587
85.14153469812851 57.27782834800972
16.166725215943213 49.664458825122324
58.721693698141856 60.29796210535989
30.96068251449873 35.170312725789884
60.94587066725803 55.41714913934648
74.53224043428581 80.11055411145625
6.727724931245649 7.833288749539024
17.526938014115444 77.0240374431199
67.7760148883499 70.23137958963767
98.97959839847069 77.74234194620591
78.79756955785653 45.87620729280737
25.01797897791562 56.56163841498443
10.991294584331268 89.37533117102687
41.0269444136272 85.91620194626985
21.26664457271732 71.67800419375746
7.0751929108128 4.340199429749214
80.43066706254626 6.423545787884189
18.358291170413533 90.03593809169065
32.145932605446134 7.425027381673788
85.89551124518093 32.7620323326246
23.679104556302477 81.76993212885499
89.44355509116622 21.113938910348107
78.22626353504128 32.79743805196755
62.539523171804504 48.987283519512715
53.362396268009235 87.22054175863137
1.5400262202542425 72.24756640383072
72.13878583547537 36.18549127204302
94.48958940608908 60.99621570484206
84.99608534241054 72.47768355481124
68.71296937268495 80.6420346928006
89.90664644718409 59.804594064537184
55.987039856017454 96.9496104105999
88.67069484131221 86.807150671326
8.27873504118024 26.670745037927702
30.080650304479974 43.01575026401504
46.93670280272128 44.583520486087416
23.957243372352398 9.812090015457297
36.31800513911957 94.68180955411843
94.19846854576728 20.067360583426698
39.625993508217405 75.53113088145133
10.697271527234742 14.872889828641888
33.09803456364532 79.09438083437563
64.24435130834304 60.10207014336153
36.72966705847123 85.26704786290446
40.72979557976478 48.02989403623636
71.03245306718821 57.926312600388016
61.222568432055205 2.458840596490941
26.125446770603332 59.264467154959874
39.729111233467705 1.7993565434068048
72.41486614000094 93.12890535986811
91.29972486643447 11.7739088106243
44.1817990208201 6.101976185386226
38.93426625447842 34.48725154065144
45.84460568436358 5.111673855756271
57.77844482705511 92.46850693850926
4.449418894058943 37.721247054559306
22.931318934164636 58.09328362962979
33.946055616796535 3.994480537252043
63.28488481244632 69.55318305964919
98.48363953771907 62.33928440177633
57.68956754696212 50.690355726592564
96.23839856202628 0.9321131870015154
78.87632265523533 83.96646198529383
12.525464034807143 32.18076857770023
78.98986578043342 82.24680977508181
21.035025850196586 62.68059040918518
73.2274457542723 11.024037401885668
61.51936296597847 19.975493157082557
11.2335809391248 82.9396021818354
88.8173788949492 74.24768275043127
83.4046916671198 97.29017454439932
76.63716026424777 21.80535712149525
19.8187383548995 73.51444718512042
85.03097051336616 76.34106922263723
87.91357450272427 28.159789183831673
46.5023697147154 97.10355530103794
36.497652921456115 80.06563736003915
4.144122015468554 8.67321888672824
69.33410201963038 47.1593294418233
78.36459098653599 71.20871978335789
44.506983115976425 15.249839165887769
38.220807897921674 20.18101410191917
90.41685841271875 40.82567884742028
67.68368833830789 79.06359896795595
71.1989154727106 84.94460204871821
0.18554081644942544 98.72091998042303
21.70618315980859 56.62856559603845
34.90420082675916 83.77724160817206
63.53156174011655 66.8314344236417
77.86794691758018 31.817872941208957
70.69488054293295 89.12443496785345
96.09781071595862 83.58499977433075
40.56754449765867 93.59452830352886
59.199409929022686 96.76123214110383
61.368994731189616 49.54582329834982
40.870289835457754 86.4829053232637
28.551139391265767 8.535720185049488
40.511306610395245 40.218911702590724
92.06103408001476 39.205115084965115
36.49234106863286 87.7602621018559
57.42327016419607 55.00845521671511
64.76803672040572 16.508923009421437
98.72805471577311 76.11139970744803
42.010756218602296 38.41358318757207
16.060044485348048 59.40634020643777
19.403043090772986 18.423836650119064
3.713102824507575 71.51787568866695
9.550254105827294 13.631120515994521
36.07872907371884 19.92149383038352
70.65564056585808 20.276255038580082
87.1778089879019 74.79809520284434
38.72212155397005 97.9042783760599
92.5837791529883 26.50475038305634
