147
2.8906241584979786 74.06913647390229
54.73757768864673 30.74584812845623
12.254701956592118 89.72306936975912
36.940974261997205 13.666413368335494
59.785615569057704 15.79699992224991
69.76779282682985 50.20309570877429
37.79357728622949 44.2137439525933
89.75947678750401 17.074929774234416
86.54483273222046 0.2599415723798071
17.05781352770669 50.439470333751416
47.79203855496553 21.182149546137254
83.46609534538696 29.901149776786706
5.02729173703409 39.22863287744188
12.579812764392727 33.33236172655633
94.74414674479783 5.598316275671489
61.03355976904871 39.27076454463687
2.749318680353674 19.076826540290536
77.78189320640692 32.569470636984754
76.14986796853564 60.603753931825565
46.51864824887334 21.23762913766234
24.250954991354945 16.221310317522285
87.09044500866342 56.65975807197239
28.778942720071278 24.160676891611242
24.680211681023458 27.165220536926704
92.33947418607497 79.83980848965511
4.013920719545149 55.185567658261625
16.717770927131394 18.794044540432754
99.10340544552582 33.03043370703226
2.101151307139981 99.07605899542924
61.47111505762541 11.303426737540212
31.711179268828037 44.49370127170752
40.79613487946413 67.91803544301128
64.7636350320966 37.344949005501334
42.31068323408221 52.405582374676484
91.55084327381508 64.63953201854447
28.45820964525423 32.63295207707072
44.526518466543884 7.1578890540004325
3.6545705205450307 95.50130595991519
55.26401453767426 42.03118603959071
17.790182331246186 82.26535213579086
56.243990455977375 87.37686727879435
89.15240264671634 87.4121997680426
29.952673214949243 43.241747337143146
15.484701913623333 83.76767146232706
31.926225129339937 50.59820607425487
35.32336146635136 93.16215962254584
75.46544586997051 7.181602362522876
69.48938423323531 95.60963623323264
9.26151122336174 25.488170314448354
97.71287661000697 42.63458746346529
37.90434774234113 15.483357799326136
23.3730522933006 25.075341534209848
96.65377281524398 77.53880151284271
66.3916806150847 1.417035502966113
29.676626827301245 70.27569503866864
35.74771909268028 21.71152842748818
97.61117056145203 97.91181841424955
39.90112306897253 19.329016809382605
19.333563514890184 92.21525208517522
82.34076075643296 14.81266901418865
41.838748683868765 12.099790920353271
87.25363826804973 38.82307889770528
71.25184076832764 7.598964668091634
72.65640181528893 76.68047783909094
40.86915154325098 68.23737828362799
80.15579466189756 34.72519674462898
51.06676497077307 41.459469793866674
89.93303876877904 14.569857028282629
24.942906765753648 30.635090845426017
23.522924757081544 67.32422807164815
84.38718947140327 5.638300686742337
70.34600991142335 89.58857736399462
42.12868131852515 72.85682310331025
47.18351252917493 74.76336766088755
18.9358463513541 33.884988692526704
36.023217447918235 86.94911944093808
85.26933549841719 21.34903857074234
85.37624001146227 69.3927690908335
85.2032079974697 2.172305252895823
20.04165034451354 12.027289325379831
70.02263981393862 55.645549793943815
16.889852583303842 21.115103532933876
56.02768102755754 93.00019983095234
38.98373182379851 86.25472941459066
65.01336106248013 87.45298025817874
23.44203199220346 3.516009711715573
33.49604101044433 18.190663936013042
2.248688052907244 88.53622804321026
51.22118183818139 97.2623520355489
26.400115334974927 76.89504658002721
37.522858611737284 38.045239765406905
28.018743464592344 51.539250396236405
34.05079477688775 70.56670224302702
59.16780334950554 47.10951891567022
50.551612271703625 70.87487494539722
34.04753563610343 9.708423984320735
78.377364776241 41.15850277457183
89.5405073101948 14.643731146019645
32.68390409827694 75.42382492691851
11.14410672242786 77.89833768529124
93.27491184192283 41.01416034114441
51.624353688630045 88.66614272051415
9.503848946217609 28.79019762996995
93.77308853140093 99.61697433419016
72.45635776970288 87.49245773598584
33.6135824032487 17.831469481605378
35.06608410844196 53.219068670249335
21.022120407871626 92.94648287143862
34.895868971344555 58.36392680931524
14.377085667032908 74.81749837521083
29.472474282237616 16.10058005227493
49.929923756479575 43.07517149672352
51.630382597493316 79.41566730624326
37.70860203808333 68.56629012382498
62.871887136630455 22.040856889929373
58.239310958496496 53.81732420222634
37.783362536366496 22.12808089878936
72.71226038664284 63.58351766382996
29.24974981268217 55.89368124622286
45.86163498971189 42.777067043808195
24.447585651838843 3.1943998902808857
12.106445569108137 81.3537648387595
43.53757930020219 62.47384604733004
11.945841667627722 28.434977031585785
92.58183016142048 4.3932060563139474
74.55488784031007 65.09528167708454
99.66443704695375 90.6647498201482
66.53514961020524 60.47677985513099
15.606893023363233 32.861493609077854
82.09207733053391 32.902181229372815
89.10645241052671 50.203934477336944
65.58865181612754 39.845118493638
30.685189410274482 2.4232206290062397
85.37422737153707 13.075341728071631
76.61655367840716 23.084843751420735
4.632225354321385 11.873659665002801
32.61907606117188 57.95322179540142
61.714547056379956 44.74891425864609
76.85833335325289 58.84885227533232
66.21917397720203 77.73113580984209
70.5015987985999 42.75821835062323
48.38407791701332 10.4169758632078
62.051946073749576 90.42277607889821
91.55275299206033 58.15235966144774
16.703506863758378 14.742513055294548
16.446722724159514 79.145662755914
91.5370192521329 34.233896863832534
