178
55.2858738904218 51.74012290278694
19.2727063908 3.964113450704476
68.61339467901723 49.71382267712022
40.12317428668234 11.89959261092386
56.30400513356787 62.22533728861603
18.941951057895977 62.154988036562145
46.125365545043564 37.992498352884255
67.91229891478937 45.63444272119257
18.117805871852756 42.95029269859452
84.05871216718614 27.82757742108385
20.622266918394615 18.429480770155415
38.93979789587721 72.69085405186495
83.04608803830268 19.321715573081157
50.35340238246581 40.819575366863944
59.56426240340391 35.77266868210187
68.54888547019053 57.490918072062335
16.627591921537732 77.02729018523748
12.184255734512861 52.169973963313666
56.28772387592996 89.46362195564564
14.698461412114849 18.65219074646354
72.32264771983627 54.547094849083386
86.07834809408367 77.15739696171002
22.652388613193075 3.7094384901778743
51.45400557327028 89.27098781694188
44.571864098456984 49.865056669989926
87.96535075305073 90.7029742040008
22.47142256036989 97.44829739713687
56.684217332572906 33.62828141778002
31.94417915293919 8.40144720865782
95.84055535276296 82.90841253837617
29.153740130819816 40.00260327468401
19.695397774601663 76.89703743556946
19.480715601325148 50.28701025730602
73.85489190983759 35.28081447525429
76.9058647361837 8.746067445485938
27.362887601777132 60.39019525191733
37.78445471187168 51.996298377189184
66.09762417975811 48.64718417287397
43.854314143688875 34.7955770109138
36.06972194922543 75.10185576683854
68.1925047398378 44.34964264827519
91.64044744371314 82.18668164085582
7.049481989468543 36.017377644051905
41.134562704723564 79.97999128122672
57.857136848696165 94.43131210226392
64.0216959078635 12.30025132907432
40.59983360005557 51.525586346359646
41.984663655517366 33.438054520869585
47.23599536071787 70.73035382483592
68.34931255396671 61.525713996424834
55.89581995117765 20.026436056959575
37.00674280058853 34.77182577209385
0.5753875851406409 45.56702647331113
1.8642709429172122 61.690920903595355
2.334071996435172 46.706797093019745
56.77709641059663 83.85503757086259
19.39044229714887 14.540874590075848
35.09409141295473 79.30789971372947
49.22915978900316 95.99109127958863
56.70057665945022 92.49214927165424
51.982628780587056 96.31799898632796
1.2224634700118475 37.826790698426905
43.677436900477296 96.83131635986997
23.78523011315219 4.2471038893433395
44.558983468125426 85.95641609681287
67.57601751366731 89.48039810353025
50.90910544725268 73.31904972782736
37.027155827554445 1.548600161358571
60.003804137496374 23.145700999451236
26.417620466106662 31.875901641930593
50.831943916147615 48.618386953441096
10.834925826419962 81.06771455382315
26.77765239880918 98.2749749015255
41.690979132294196 64.61202002173614
34.72238528483083 40.273671150904256
81.59956644743265 68.78530153394638
48.820659714474445 46.32072512592098
56.16144044632152 50.098978619547694
41.467657223139874 19.074471496400935
13.810614008345345 55.58032168648066
45.10052963048642 22.863366287536714
87.5579853596141 7.066854590159211
63.534745121573124 15.920946627972022
35.674291840164784 91.66131461697888
68.27165455517556 72.10708414362233
83.66239047808483 87.67256157876952
83.47187095821026 91.83790247237724
44.011298245747824 48.127801582354714
84.86522753118832 57.08846318499573
55.21155389374387 92.18773538746669
96.48815414260177 74.50260889630583
43.813907999912075 98.03781413083884
61.830218809088024 16.848605102770144
23.567212594115738 74.50051790920725
91.90568382422914 26.012006755799668
95.04733042714291 45.62618226846736
90.27238692129134 24.45896614246159
57.79915030676865 74.38378844120714
49.20233899266287 80.81044790937602
41.13201570342009 38.66188003822614
3.7081330764426323 16.674642433217045
32.977606641408116 77.73759914198072
37.79917284654982 70.77952841614166
31.782461085213686 51.23107167110646
80.54847916858402 63.80928834090368
21.91583163633354 89.59642599667373
38.06142074194822 82.79422942799205
30.961836668385157 31.755790950294838
7.498320378488732 95.39931851332403
67.12715434203973 60.783227745529075
49.397597744079626 83.15095316576992
32.83474636988469 23.67605224392416
62.693189930376725 81.51085902717925
2.083846290298752 62.031925943011615
46.42396087045715 85.57783270830684
99.65844419278835 78.98626474018266
1.9407217378901276 7.270690752248054
51.31087184623304 78.87765167193007
77.35171706250551 40.36583493660086
14.753479921749978 12.440371111402248
24.986537878814573 40.6394940320603
41.65721791296703 24.552927177270877
12.723221588129341 48.09740164306184
19.53243422896599 58.393128114520096
89.91101738262853 45.01429764069782
66.6703603523523 14.748342139636062
77.52355427254668 9.20361739217056
31.58159719215282 28.53594957697353
66.99464911341896 17.348967140499884
11.94636097397459 64.0475045352399
41.24252167061647 1.7763107928164934
39.87716132410382 77.63425705204938
89.57794308191976 36.753973960814754
94.84934087032579 68.44485596446813
76.83005829843358 10.285952389235465
12.012372111521818 78.14163004561127
99.85888416387661 19.937812261826227
73.93801689930594 57.42046829728002
64.7183827178016 19.411517854715633
37.657777864812324 48.20474397031547
77.77389075525784 64.69074770627711
46.06294784507048 88.61560597823221
70.10935786880255 30.621472614733204
91.49029501022244 3.6864487537094925
74.07581584428404 94.6065202324587
77.56245033820275 32.6793339932653
33.77185248334601 42.58464313176178
15.134046490717957 68.29649360067135
52.1251473364449 96.40144242211669
96.9950364603466 98.27171442402916
20.16511480814994 64.74575292570437
48.196699179573685 3.6678745739707197
43.66751029141183 69.71296509032908
42.01540932754959 60.97821672198086
66.66112948297058 58.722883216490516
48.80044752974327 36.37531347272935
1.573249885735506 93.38427783449012
59.42847403955207 75.77660698533573
91.15974426414108 14.868566816126695
49.67725339107856 30.571997796476623
47.28251515295193 83.50767013656186
2.8499466603907897 27.078411547280325
42.604652488503504 50.43551430064086
9.78479805194481 27.04269319048326
32.522423888582885 47.457541859368455
60.00354443506152 69.27722055616452
47.88100612767301 23.80165481360752
93.99258990946275 18.537033266092372
94.34205670830113 16.359546886609156
63.67334424711686 64.4229110738423
20.74066330063189 59.20333202784397
34.0929211869085 57.02538126804338
78.1937264546224 91.72190328875098
9.024889701072903 16.68395443892682
7.255311410792043 67.58494303520311
57.17738578828592 75.30248124788268
12.28960747728669 30.974447124200477
54.04051214756599 47.511719753904124
