189
86.2674106970745 36.36175902155357
38.183720453398074 85.89601095707633
27.722181545703272 73.78514643540409
69.19572734293247 13.403371889399251
81.61431353609305 40.801202293508034
4.264597552679017 57.59852196955908
91.43322006439502 38.30044920701007
12.250921446440799 81.39799704860945
76.98168668089656 65.50234843975386
76.32892173587346 26.080266977055523
99.40184933853982 35.955741784053984
96.53459153144519 58.80465862506227
29.524072169991022 32.37165280082692
7.587953269795 6.686754522585203
5.022518174573786 40.14313511223374
19.12004301465323 96.51283050708327
78.4842235896961 21.405422824443075
70.26916829962161 74.3411253079967
13.154606287306848 19.219757152923368
1.416309955893258 56.54971306678148
72.48558886457495 56.39046324045679
32.06299270388665 99.74421195402995
39.00451757776246 81.03353087913813
75.04814404388323 5.285806969363938
27.351830356872497 50.431054407405895
94.79939975529092 29.654457899583075
20.89170762313589 7.924110597027678
0.44949419682648317 10.17557534850101
64.60839846579232 43.565790199125246
68.90879876412923 11.299751492716103
90.6973106442761 19.603460860054824
98.67353718722931 2.3717061091107605
0.8831162977442908 49.941207375585165
72.60568222277325 73.27766044282659
47.69089196362039 71.88831579335927
54.689077559891295 71.5536988018315
36.913907580145235 97.84325341679005
89.43898427016615 20.786785724422796
45.499050878818615 22.395934486640268
75.65283710283123 80.2199207503835
75.96662602470509 30.17049778829565
6.839841874059727 32.722537764012415
25.738125821755375 71.79475624883749
91.08987328200197 95.37127485668331
42.75674142229416 99.21278836791541
15.14141948187121 99.01892784425218
97.82205675026636 82.94435467489507
56.77575023950207 92.29034344630165
86.51153821953797 81.18908324181452
0.12615647709293132 27.361656107884848
31.671638549713187 91.89823269066781
10.840338027645291 43.09025399931272
52.21631759994892 85.60299997148631
60.74879897459407 76.58722354442634
81.75530192074487 7.982540115265024
10.787780283797431 30.21021395131883
43.815682355478536 20.23665319560426
6.552937280288507 73.28089519849527
22.63843690054783 99.1744902705041
95.50612412020338 53.381381486874034
49.647022705434765 47.55510689380613
14.481387988565785 84.52098573604513
14.71643945202523 48.99480309584378
22.826184383154434 34.530410300302464
26.462758138186658 34.444874154855285
16.59859757463582 91.48417104810731
26.62128794854398 63.97691279834912
81.03994083704895 58.621657824359104
27.255597432967072 98.13627966696357
75.32018944694642 94.02836270881456
15.24323389709158 20.561785562640857
30.330912839845226 3.159104384934952
98.71132969784378 58.86705830469011
89.52944521531084 53.398859472396275
30.06014948371766 82.78062039992834
36.391366007029724 5.133955996730188
81.54228704382092 38.01952924210461
3.5874206913035445 52.3181975784044
25.31538312170909 81.06712944928938
34.67969658030725 30.80764718517315
9.575910740330883 71.06175845269817
30.516460662783686 3.7824171489784675
99.24210798266296 98.39529800034587
70.88255587306313 77.8584677064755
15.036812662846877 95.39412013295274
27.880946027068255 50.297567649360296
99.92474228195348 77.02695148431519
24.03673985635093 21.641173963120018
67.9548762326351 92.07318842117598
61.745112251981595 89.51877122508846
32.782379758244886 43.44173922351611
23.80275262635151 45.765296998203794
93.14350957196233 9.33719476214815
80.42294219474738 39.17249607523103
79.80209505237225 28.59552364773417
63.0434334248679 35.69111143497297
42.006156464079105 0.11249776821075086
6.952267231322629 30.930254061183547
40.11503225659248 86.92477784628672
27.233923259168545 42.1919014262918
47.7936309973254 27.953791347593114
97.37394727914449 87.693117131447
12.623456288264478 1.5949334855462127
71.49604321636951 58.485548114189434
16.236031436877283 17.03413623921197
97.82105157775646 23.363179593496053
72.96168557543874 25.471989766220403
19.52969884449791 87.83444185708862
73.85023455162985 21.131949056108834
20.90961269193137 20.56509558881887
37.295152428945414 49.11476300414625
54.75720090745254 40.00482393528708
62.54449523572615 87.68042594141812
60.055678972908865 51.67867654888636
14.397732473379588 65.94232207193905
15.814969292271087 6.944752663761433
4.915864819872207 30.233948400317445
31.03479684116739 64.42586996984755
55.13353816479915 73.49478791621827
24.935483232172906 16.393916322813627
46.992353584550294 11.79886996571562
6.328711541547594 7.810888495246915
2.1474581585882224 1.5579117899991335
8.030098398795237 39.56353225497652
1.2329433854393668 13.612904127253799
42.56609345316335 63.68082140997341
32.158335528818874 88.34675683212197
43.58935883166336 58.719133531593926
80.58387709657985 88.28156051998103
80.05091694866528 26.90338638142903
56.45849752687769 49.92459900119378
93.24920432405403 16.027768657652597
66.34688488637906 26.251453906488763
36.979404112903644 71.35599849857178
40.47519188996138 16.1457551735093
49.20585801269443 26.548752039850488
78.74939650190763 73.47585461459767
77.25403565457472 72.46167247183521
36.822035980466325 70.84530800652635
99.77245191899321 59.751713635324045
77.3623628013109 83.3258559713661
45.92007266111512 94.89014074607769
38.035317334952644 77.45027965452718
43.72976097199184 0.4213320756909611
49.74904805699596 72.34390859875016
64.63549904475173 29.583904231611335
70.3516933128577 56.304845434724996
53.67425802437607 6.467059795512153
54.256720733414824 97.714210868344
20.730704514163158 13.999700798393055
34.45806885359253 12.273178667566775
81.18292403335943 8.83185997385888
4.718613147418638 86.57704920523395
9.428550932795154 65.32529895738551
83.63183075161855 56.052897887919094
70.9439240573069 3.091082272660539
57.56899357720178 36.14002523302815
31.498743717794287 67.03692435341328
17.236304274278957 93.96700008698178
37.698882653482414 26.30572625338774
89.98997460335988 62.802664494291314
60.125598292911064 10.495638657565065
63.546907141771335 5.476877829669591
87.6842424749094 24.01283419236909
24.94598474094405 51.29959100793313
86.59094618002379 90.13110427282383
97.85267444418865 62.67382907207211
42.3814776605388 26.57057644013001
97.02640776229413 53.3344845226011
11.863933663432968 86.05231270946958
48.2250464396498 81.74475223460013
51.49176990035811 2.9954809629376578
90.23721496876153 40.701716441813595
69.10989073197652 22.676742835282237
16.43529485824171 15.869459110720218
30.160195200607852 64.42189910785319
99.53759593698311 91.71769421276508
6.087331719339573 22.33327371567776
37.278558465475875 94.00402926479498
44.14401220820018 57.42880116321288
25.857218276842953 94.9146418402057
18.752443094381878 69.95059928393096
77.69955262251952 37.42319721795884
20.756806997683697 6.911242542831452
38.23337080498336 28.779874718004262
66.37140993070152 73.13974304667215
34.22155678581353 70.92299145942349
12.85219460104191 17.639255300656963
75.84618134148823 15.508632385496357
