150
38.12925009458693 2.3079898994267767
90.16652470191553 11.681557900630413
81.51039075833513 6.748731029656763
5.313143610185344 40.906704283092225
20.994983213269002 30.415251594491988
67.56898841574517 66.5066475724855
13.897690948810315 5.662001246497095
93.23989695104696 49.49598752064745
54.629392002532505 43.67213425678445
6.541870583585219 76.57546784821085
91.810379669078 91.90850838512128
16.676094748044225 51.42197583128853
6.48172938861663 79.00579944519764
0.6331612813398113 91.70703892896184
88.2392900743613 27.18235142052121
20.205450891342124 82.42208771676654
56.516745683688406 9.922991489997912
21.722084543430487 52.192671092724986
1.0697056955695672 78.12068581848175
57.32896191265886 99.64438440558885
21.423136029947322 42.681154555258814
76.13148966212347 24.27769182954549
82.08151399583377 82.11561659083581
47.587405626668925 97.68824109714748
25.86403564785501 56.97962408723568
45.001976469343795 5.386242978977151
82.59478103213499 62.07591239541217
90.62687549556402 89.82524094769643
56.54711089193807 63.99562460374395
61.942604735206864 9.059694955181186
2.3842003612626894 4.470890932981297
45.010545275888894 72.41808366689632
54.484701447843406 55.77996978405332
92.40148411370073 29.965268896328578
85.06141122414135 99.23419227438632
30.436045822414435 56.29354529873798
4.065689232747571 62.022179264292454
83.1183977150555 47.1454411922144
70.30203112128937 41.98469929295491
75.84485556706093 53.86248778051156
78.41672278074974 3.6576124511310426
92.77261622358945 46.103158546505476
59.83006299223008 30.36695541338017
43.03893879836067 56.49042386814722
65.42355454298313 15.148407975723288
56.26904122484285 31.938246215056132
34.927441424382245 1.7978174945333603
34.38896334692034 55.96817913098501
79.6696350299243 57.312713691407694
39.39840051783462 78.52109838981052
97.91914171127226 83.89199082890264
77.96401299079233 55.127242941161214
44.481177835905406 98.49638126566296
59.98092824010681 21.580092380851255
72.99872922188881 30.68774387497748
30.241568767437588 39.25496444717839
44.46458924795912 43.420600358600126
42.83188068658716 20.233083725179256
90.76555877227702 43.95571242274511
30.871666441023827 34.648569023951204
85.11787172220187 2.728760796547647
23.797736630035203 56.99013013769682
18.20044114288989 48.17706852295065
14.99886207550336 23.019342329547776
36.79540439096536 73.04136686112585
12.940369897941672 49.74622834040823
85.3654665746835 39.17383362156579
86.69846665872787 57.711996352256534
88.68401501569457 49.87018632966957
72.35191591505139 3.4968562085152755
53.436982499548314 5.603108448353122
5.41871450465049 98.13151426220125
28.883337954234168 18.098289682250346
75.32324175069711 92.33909437908336
57.393555394969034 48.264067029410654
60.02659177015397 44.69450553961821
68.66851784878195 58.512932637679214
1.2277225088636934 54.750099848104426
51.88269703781607 37.83507046800864
67.61005695998847 23.15656667605711
56.577951251220604 26.420789945793455
60.490586609091324 78.77108672880496
42.06206819855809 25.139958925542594
3.283525565201628 20.860663232053156
31.010563747334984 26.271979042946647
97.40084220883321 22.71935777409748
68.70065097876304 87.06126804424126
41.1534672453206 90.96498685804973
82.78444273130107 83.5247241141241
53.98494070366645 8.715716882203973
41.73415298983867 74.69542597191652
89.12835999323806 39.52027126926478
60.74596535973359 36.29340237500027
29.92779431274608 89.94601433392879
90.54218873132342 37.01171798860964
33.992022600243445 7.390862696485367
97.4081988945288 31.911294575759296
10.928874026988023 48.71102897610841
17.553480119625753 16.286348046133657
11.807673057667923 95.77485842413564
80.97810874672604 85.99389116889961
74.89979400675429 41.86248666752277
31.31972022394124 87.93969101694616
80.94415156768996 96.02469228290703
28.477151523924128 59.86528634023818
28.628710353094146 46.21431809058313
38.29684151449626 34.83953070798468
37.31881201465384 9.385378122864818
93.45198796382779 93.78644129215296
74.75892179847385 74.70526719901297
82.96283853188199 35.809455839382444
99.09930092347267 40.47765404794882
5.783095239114278 46.84669185260911
70.456677208442 46.4121020664284
63.883223983677276 42.23029932063813
88.73779538243598 61.96487986526454
82.0914108782605 65.75395058679166
69.05367983487072 4.782867427689452
41.57656526501241 92.51228751500214
8.043248943906855 90.6627580915563
98.74173417438202 45.34085181175638
26.375537680946348 97.60548334826285
58.48627732660784 67.2176779811663
20.413240423353706 24.641893695360363
93.75770418571578 67.28213665274923
23.21738657327733 55.150927049936314
78.17091619960298 69.84158231492572
69.46980790480907 64.58348838365097
25.367416016490196 34.436593490417
37.63526403070196 36.35520735807236
32.01781149799346 64.0627826216591
27.891161463613102 38.81344230692735
90.07548841490896 47.59034961309505
12.320103813770157 64.10578341017563
30.05273768909521 81.16233309501047
60.061937671273746 35.86100826986682
83.01165909566754 26.28127541445291
56.57113169056335 6.119686096550092
93.91759106106842 31.634130061282274
51.557686238075874 0.18057884542420632
95.00996874681633 61.84141484397554
69.11566806027224 81.70107015086677
91.34427521783486 29.315972390136757
48.52035706634742 74.0913571917667
27.610446799446642 72.81410941976509
76.175200224696 91.43847845378488
35.72919153294285 35.49453717465051
9.242654258073824 76.97053213277516
27.77370189471654 12.521765834746311
74.07474980960839 84.04570664967284
