199
96.78907170513884 36.67667960614841
25.688801457621334 67.5993263800797
84.39549284981864 39.617061398744525
98.66824606716204 97.51584440176411
67.72863261470015 60.45165324631715
33.81564068732562 14.96669256548392
94.83266119997248 62.65142250782242
30.904885364352165 27.4007795160204
26.102141656903488 68.9038311584898
62.00675870115162 41.77844767469021
62.98911117969711 4.211408776563941
95.51517673246622 47.559330684639924
85.57767237872432 46.85124584363328
33.25698980839786 22.116481158873057
43.30129874237409 54.61724260526658
15.250476499486886 38.267582424556046
97.91718469193285 98.98764474676531
41.73496642649256 1.4705526726408458
80.48260860595606 3.364230502957577
12.646182319394883 39.74032684015087
54.22568470067467 44.639625668532105
1.5938018859531722 36.56207493711153
43.16897142115218 49.58285511745709
68.25647703892515 87.60165653479594
4.154766266452537 27.179484328727334
89.2580552948462 88.38486362987486
68.64074235238972 28.28275985315576
56.84655515225501 70.9317764824862
28.360146702496046 14.781676210221939
53.74678496891304 5.61763962936479
25.585431558137962 56.73946439970494
79.78178718639201 85.71140338207232
86.02659791616534 74.77489537627253
30.869607540119226 53.7963775883465
69.67139715600538 13.832983689867362
22.043986385652804 5.506547950393914
67.55771847864484 73.59744941818562
57.77712200142945 92.78556291017124
67.93343211042291 77.01979608872257
80.98668587414876 86.1903241523047
2.5037656779890782 68.50041973844525
39.4429874483721 69.44669443313248
84.70806103864702 37.004501825620906
36.46095128739718 0.700269338562276
56.26171632693426 10.458658083403483
37.333610635243076 13.090219711314067
93.29070982336918 92.67541718295564
36.40599246795176 28.323246917234112
12.367655759383545 27.146453612208266
53.15082878189424 28.75798945867254
5.503614173376925 39.65583608505507
76.85118001756047 13.352989163370966
1.6528212961824384 98.7200636487166
83.599146998912 9.461767901749562
56.126451519468134 14.781510129238518
8.876492616837595 31.274054294977425
7.707562342607044 74.29497931329759
26.641272617171442 82.58282864217223
5.148969666371017 81.95633130885773
63.52069614021867 45.7976655293744
57.08390948366805 2.482168440436916
67.16413794058668 12.469231905063571
76.3012042497617 42.13077329657806
29.465898466064957 56.71264097942954
49.94226539481884 62.373468493718796
43.12578122382275 96.69362592005557
32.78143570257034 39.120200221293224
61.93419624034381 27.54403812207582
37.930723038370786 5.369146337492225
47.536077003243534 76.41779771988163
49.86884613987641 25.03371916793028
19.250286139181185 37.878012862499375
18.344226578859736 0.6881457558188475
37.00673535089126 10.636029018240068
25.32925544142054 34.29257115036255
96.50050349793334 8.040449247213722
34.35496523539654 34.92893486149402
65.75057262747426 12.869505379079804
71.72148651218664 21.467262792901554
20.852596626626728 82.22683490273216
33.00469271019959 16.354182007298512
57.08785044550707 80.15285793489126
68.22840282133832 41.181773960817935
91.29521877567768 94.34188800137441
63.6133297588812 7.940305115404078
71.27871154455127 61.34563406018432
56.57473024074662 84.81340632214392
55.09593358681752 91.03651597923802
14.041371513004952 79.52244279090593
31.316454348585832 42.107960266690355
0.7298431049931331 86.75084169485024
44.395717026225704 15.423485844514207
48.88030824039957 99.4407074100109
13.59786230080603 0.900603315257642
48.69292382705047 81.28483041519623
30.985643929663432 76.39093110723904
94.27911030251249 90.5514165427601
8.873371136583497 30.98441080544154
77.25784630213374 93.13482090318767
36.14254819160868 26.723316036340293
16.97900896819814 26.281097938914144
63.40789821142435 60.60812678693879
40.71135086018738 47.49753304675757
75.15362583434262 2.3571124064584725
33.42682571211185 32.17198943424139
43.27087551683791 66.56248418323858
33.12224184156781 2.914435053496278
26.550689817476545 74.88396829838791
14.624361583687584 67.14679894520789
38.017122738478605 43.90437619604148
69.67613926868698 58.40181019693843
48.503690242436 31.61137528951651
84.54185509343561 5.604812032974871
46.50535814343216 87.85571528305883
90.52934064809752 80.4281408536219
94.26785278607946 86.8956099904992
38.6510415440942 10.48934579190448
69.25404865936812 65.04094103320854
99.62535691181074 11.84978249755292
78.21833693910555 44.773216374383765
37.70601109738237 38.74857915008849
88.43949008686657 72.9361934970232
56.11552592412655 81.0922452523581
60.4979259937321 39.3584896276712
1.616162373502339 86.98333676280673
33.12198533350003 27.103946040053383
45.65824450537745 15.859486456404348
86.76580769539895 65.15166915896557
51.59884081698497 81.98847135425792
35.00080724672432 4.179071890550901
66.12308560080486 21.35029969179031
65.0749432146827 49.887745540752015
87.19233155827396 33.339114210928855
53.33409320470166 73.98567012081644
14.814796815173759 91.62180204504075
95.60140518246865 18.03349463146773
54.23261746320228 25.51747652966948
93.57258507396521 56.47755991674239
31.98803769259223 71.7759467039543
37.136374138510305 94.63183918001963
3.215851938882597 25.121799354022343
10.583241423084644 76.55155088924539
42.099586593164965 80.84315294986854
65.95584192806201 78.96929388744778
18.435039112941286 18.356858220341344
86.72760212645039 49.559459180181506
77.25617251232354 46.949143113791166
96.30877499151238 25.371552160151147
10.40677513494581 79.98402515080886
50.828482440776476 82.14828326507454
62.85750228313694 34.92503661539662
31.804295308753805 12.372764689656957
43.93779365812567 42.35119450218065
76.73339606965153 41.832772350638734
24.073256426063594 33.02294869474282
71.94393773214063 42.680877058837694
71.04292831326859 65.69170376655362
72.87750360523478 99.01566960346241
57.7279460055624 88.44810235204122
2.593569362460779 59.38373808118492
9.039287431061904 74.83584653224547
99.60266531696995 71.64517963447997
25.818400569640076 45.52232004371191
84.13104247785387 95.16860740554111
86.51954288537289 25.637726566807416
18.96867542698496 8.753745094280752
6.210615634693639 77.21228952824917
23.813699094189456 89.20281089365697
34.40893780594554 1.3907543025333924
82.07942321225006 60.95142238401196
87.23984836070701 39.9056580798507
83.12009925107104 16.01611534307098
71.55425656561651 13.67663454571504
43.7393114796371 43.38669903482011
25.82079176043688 20.96766849504966
17.521745150696322 36.616947446241454
93.26001459440654 21.81705928018959
99.03083891369148 3.863117385377035
67.15692993310184 76.34546753769132
51.244233911012095 64.25281977794015
9.651672008255584 32.76971130845451
84.81428896726855 39.55969635165979
78.13382066437809 68.7909390525222
10.232713754924482 3.315451656843249
55.989496661217544 82.6239307303956
37.87252491572134 42.41257976106525
59.8066087462538 88.04411380355933
11.285154430760524 49.90967063085849
14.837727942523482 23.467708113670803
63.71252909417253 97.3005506544957
83.598549340896 24.533482268976815
45.92525876825256 89.17911937209361
88.59028948903493 1.5337819416867182
21.927236392245153 65.85986163978836
0.3682846822153141 16.49865428826405
93.1327321761008 95.28580370738689
57.479877367663626 52.4859061538427
45.33838067115737 97.86072240312772
13.518802569494426 81.6196775682487
