194
43.18509133816597 77.08532263960049
95.49277672004301 62.480280043628824
83.15270596662613 92.18343708288778
52.886560557650064 75.16863500741982
99.86274818431323 71.14587563550924
28.007313465678287 69.10259724479046
91.19156472909488 11.328781350110539
34.81836279636894 91.80865476123972
16.246649123360847 96.46847084301992
28.129374842755407 29.301330071002507
17.370443733393927 35.34288449126338
53.95215881802895 47.08772998465866
80.73367509612316 48.151731862064516
98.9539474900089 17.161626384519746
88.35032290035184 4.884014981248896
87.34007217576674 1.499584953217059
3.969900958244843 57.914095155889314
87.62285308414266 85.87029684824688
26.067356497286987 15.025635472726373
33.15160489958436 72.89970518052186
17.616430892744937 30.97625055774972
52.10934279222973 59.08663446267221
96.13126460826956 82.06698691737337
47.5355268965567 5.751664853493699
21.128038972134 34.56880719957035
14.677693173931395 42.28815333487529
47.75694734261169 58.37177237917216
29.20849123624054 33.76448221542844
28.15322945822163 76.51291057424136
57.52668799757848 40.0274051340068
9.838864657230296 87.8865252078418
20.96590835957595 41.562668696735564
72.58737622537032 67.3966193582658
82.5567753300776 31.48898672110717
27.54295253905972 39.02045992147668
38.552666634660596 71.37876014734702
91.00556516424851 47.513200490335535
14.500649032523826 86.98722308223303
76.5799439930121 22.793929938357525
81.03052221254455 32.01948159778
32.647160611645944 10.95442753366479
35.400532678100646 9.930398863512647
67.19029713494533 86.86206002047133
34.62234108060772 71.62988237855937
55.15938600533987 64.56476823650083
65.65108092983282 94.6752834006275
25.658294978350217 96.25266140582762
71.38583227497585 82.8483329299129
64.1076082886316 60.41423112634975
35.914571928772276 70.6639784635826
77.37301559974271 83.11971088457976
72.96148297629951 71.7844552282523
29.817011033769813 54.78291518165497
84.60641820360364 22.02421901373488
24.923510770809564 88.28352684685291
24.954596812328532 2.6683762752310214
21.536737926412243 53.37614993893467
27.83820647158294 67.79566080855113
65.03604369457742 28.34708850742097
79.06256434032697 81.52099940205345
5.507967989785756 14.738600068574359
99.96293017823916 33.02653763646993
46.63659065197352 33.14960990058171
76.16529509067561 85.25050009120774
92.34469804042689 36.295306824034746
5.658121600133093 78.78099110904346
40.562197397282695 11.163858272805594
9.527522880320571 12.231702432657832
89.53110901060906 68.48686686179546
92.13733233662036 17.08613499901398
89.05243916717441 2.365606654488095
9.062586744684896 0.5881132221402297
68.77703435548172 47.1954137952971
13.898839247832939 87.06856560309971
94.7282987478949 98.44191586485938
11.9512184915896 81.53855647088513
12.127867797200587 90.93167898471931
44.88149706454693 49.47833775083846
5.182768237047397 11.732135012698953
96.92789967901348 11.783165213611557
33.031198280853445 54.334911287220834
76.79364586546575 50.37538785227339
17.694044240585537 22.10936005708519
22.124958175857056 76.36715403461753
54.97642104916979 59.401951400487384
39.16196532486713 46.47687887953058
17.413717239809788 12.952499189699795
12.876653270515636 33.39599367112316
81.79426713837171 91.00877467673413
93.77372890515522 2.0534822211628945
73.94504876737757 54.32114480556295
49.69474338766177 90.19396348985993
2.614368136534151 98.45089984762933
63.340123086452884 86.32956019776834
36.50687999686085 74.76920799566808
56.10560011538127 98.57356923184622
30.324647385792435 62.20779660148311
57.596341310719644 74.9721118852701
9.914504854353655 58.28796950969547
64.6334215708597 84.64623457768266
6.82004980259423 60.050834651989895
23.473950719554672 98.0325691610737
7.650071167114392 76.15248395230445
28.952502111713528 53.10109193512874
18.311925170433053 6.279279568543849
44.528398196451626 96.43847641398747
24.200279896570787 73.6863622017584
92.7608265344169 72.53604838028625
69.14280619906357 25.195335324357615
87.49378978236552 68.94638745031439
49.848619793271595 17.95242142720751
9.036596889254778 72.78596626591022
71.77504757305299 6.324768123154801
27.557827465127605 88.3202439122444
64.43925443214044 30.638178328633504
22.933577206753007 67.40202712220609
21.440531360947613 10.766402773559602
58.43972192911596 64.6383915288265
83.83981482495797 87.696996404608
80.72624119928192 41.60276080660308
11.247581123148064 98.90466538931996
88.44962324489777 90.25878527031536
36.8635740194926 22.50331240151574
61.421922959778655 64.66436469494202
47.80986609596998 71.17932223815838
5.354691470898776 59.565043885922066
87.33058084050754 91.57121097875132
39.373118165494894 20.47501708490359
96.48371718470263 88.76348920501712
32.32855226680784 96.40167578931829
87.04376843871945 75.52154594250437
31.012893517794705 13.063468072955963
77.56331176850263 86.3733737472825
2.739935464013654 29.92069144839421
90.23084300604177 19.319724561062756
90.6551111067958 52.613269073054326
55.94104418361433 57.916803040552125
63.5481967218375 9.293285744657487
20.525000607414402 5.3211144976198055
26.553762881935782 73.10198568887463
26.321838609578318 12.232720215867687
59.88127027736099 0.5857396916478574
22.028219120124593 78.89168097278781
22.82786813585167 88.5682309706302
50.07411876132926 37.39279133300052
2.8700953828323605 20.780183573975275
53.84421183082132 5.141446351837631
45.008312937689624 52.56360537005159
38.65836852218272 60.71596666048696
1.3199664097391484 6.212348110783294
7.778080348166839 53.47403747653797
12.410946154440971 63.41268538893436
20.17115609492759 44.31213842593769
95.99016364862075 66.10029243559268
55.92564471386815 41.77573647545111
17.404174006360584 70.77795524492946
30.526471998456508 52.83135750447252
67.45267621042241 0.6790579539410313
34.36926429559174 3.283765884796308
49.412021749551215 53.77413657626098
98.6277552730078 68.69236699629636
71.31601690173875 73.81236480179129
84.47641081346 64.44185963474597
64.65249777144015 70.47634926118894
19.09055571134357 55.139602896989906
33.91412939532537 91.47034643352451
21.414537021628487 34.105738525796944
6.404631729333299 32.15126427361229
75.88533663994878 39.08555458667101
36.400426979389536 85.87803275037079
31.39114353725597 58.446768039642514
54.180449599331084 66.77584817811753
81.61618504743178 63.73065992709726
24.608703914172693 27.45767064091971
54.719219315676895 68.72413887759933
45.783595166099644 5.999343936233769
35.193462351640584 70.92640823048352
49.553746800380594 64.50256303457064
56.23568109233593 18.155262273403793
37.400702549806944 42.247674624068885
9.500950541059527 79.65261116017511
35.77240262680341 18.56177351107462
94.64637810303294 38.1802248132173
92.21018329876982 23.908852965237582
1.6868657515113794 68.93021379922986
5.409590619622917 33.87594819756424
50.045336554280695 50.68198356090265
41.19901053068706 40.71214977823557
33.3348523206312 13.039354513535395
27.82743507755965 92.985739940112
38.621642586644356 19.77465124412454
13.869336917135676 41.10652309066276
69.83519991026311 83.36127689593411
9.064439253565638 53.80347621329476
