110
48.66812507209231 61.588947162884125
43.98736758988685 26.116746801254198
27.984442250830043 24.977449511964334
82.36744935537618 92.00072325731546
10.563475746754413 47.803139796260496
85.14587443136291 39.86503665979681
53.2506244534791 82.12580420243152
92.06239737000821 25.15190695158569
87.17407199105338 44.14523352264429
50.5599904512275 69.97428018169393
52.95018109953349 21.674241487890498
63.3246067353597 22.99258064145051
12.646482548281856 68.55134944795043
86.44848076578532 83.63131444967587
14.47271174055662 66.73875970540666
33.57424870963334 48.31473299527133
5.691819998619785 97.21485933389216
14.61537734335565 16.661712055911202
88.45149492977765 70.92135121780234
22.84473256654801 23.975476277003725
86.03141029422471 89.69674327611973
7.489326197146262 77.23200297809633
9.648008189143798 5.253314383526487
35.16438724033056 42.66425107061432
50.75143236105097 40.081974055933514
79.78133181074419 62.83705009742289
80.59807496171491 20.47409990668533
9.72301459135928 30.35952707741625
83.10013187723627 21.373831085987018
88.55111872253319 67.1514777179591
51.777800882836424 94.78542533623448
65.9749954337539 97.20479931873905
69.27364453905412 40.1768131603618
76.8370941637597 9.30877038533352
39.50869177861887 86.57853952307929
50.514617116950554 9.644930841263566
66.02168122355131 73.207975699917
19.53573357140428 89.2477785432127
40.76945624155927 40.6429718373712
11.370309172411275 55.52383170574804
67.05811007796028 6.4578264188493435
85.89002862728836 52.00370403914164
4.265425788245503 50.348906749531366
29.051651106398257 27.449605763446392
99.9834652038323 73.84129026012073
1.6475392675998957 18.742926354518264
73.68184396889882 63.06504563712161
9.761869745392183 94.75024912313033
34.11667439779698 91.7354511139578
61.91396669815896 56.00269396446066
53.368892758177644 8.511403988469802
99.27075471712983 4.239085160981848
52.83905718124614 71.10420851814602
78.63019892356101 27.170689936278304
43.24074519267172 71.9681447224119
91.52102505373108 3.2359940126504227
46.089568319475916 45.39657224486636
95.12116883197803 60.61575292921692
89.38745886102967 83.83163198511954
61.366596443554435 74.18238386402791
7.944020022181297 83.74674885229815
5.10004829094729 85.20470093409097
22.748909093302238 30.48568214635705
59.7535437567115 55.4734733975629
99.63057543876926 31.97690779601897
58.98192179572545 33.520006598078425
80.15314171063903 61.6338203326487
47.05115731729702 57.999556309853304
2.7056695311363343 92.75143691043188
95.92892237755045 47.487630001626194
42.76228606858851 41.54339299321415
91.69041212359143 29.786214227993536
31.159453142617355 37.16288502821543
28.80116475291059 95.87279717678794
16.95758774034428 87.91944976468487
83.75710330543596 32.20737687581021
82.22516815216292 71.12403016238704
81.68231184631576 66.30462325300478
96.4574730595714 77.05402277996197
78.43536352026862 77.96837788881894
97.34025391420778 50.3581923632744
24.744304012669115 46.892696443465724
5.279885409438134 23.420822244508177
24.210894102338663 93.12756154403485
72.78747146202505 44.752628128699776
22.035356907568183 58.578428243891246
83.39975903786294 33.23114494016697
10.5834455455868 98.70758264564647
3.4665437713375935 50.46339215656628
26.630382643476793 94.93755594450136
16.310129117905483 84.12027220535202
86.10064494779529 5.481909537108709
19.599736166277783 19.71095917338108
17.15896351284393 2.1178076720556382
99.2624892871066 36.942067177664065
90.49583360027975 6.6818925946146575
79.1556178760085 43.12228730211884
30.042843945092667 23.65679322325076
57.69385874580717 91.24160938100795
60.19681865968723 20.993518449086444
25.98866529018231 30.171300198276928
67.46536854925739 15.088711036665991
36.37378652042964 40.12848859690147
43.250513244940535 21.72210228397461
44.326144871778425 85.49070923001261
22.123631412590516 20.91073190424946
93.61226118003961 94.63143552624051
20.197412632001523 62.27621696351379
86.41405364692238 81.56542846527792
7.771955555375465 83.3292462124936
