140
18.87143346826321 3.8588790658135586
72.5653956438296 68.00836068976123
96.95360294378233 63.565985351902974
43.95459436774054 14.222266264253669
21.039167159864725 65.97806457942255
61.08923950036025 71.90033673102073
2.319531384965423 74.4308717270253
81.5907492402243 17.136317794290278
7.107352528964483 18.412609709563043
77.63957907318935 61.89019590426339
45.246254466573454 51.116857025102824
35.76748778188552 40.053197082535355
48.8267603091395 46.6440667495992
94.89221525573184 53.13236948960737
30.24751466495259 15.811521266123506
67.50128769924628 62.51300687570113
87.11814535355428 23.194788221417983
87.29607624717846 45.08138913834978
10.176807319277358 25.513085787782362
48.915317676489735 89.0003651635289
38.32688926599689 67.11801153518346
10.738162880524794 45.68035611590198
37.7832796976798 41.52328477523329
4.410316160370886 80.53359782282583
71.16479083184399 35.16623973813595
0.4686588556322757 34.133376103282586
96.80477381984213 58.05844441802037
24.051682981916844 17.244684064515237
12.676697501789825 65.09192781261626
70.6877883473377 90.52287601676596
16.183302081657914 36.87298462353984
71.84831176791263 12.206736999237645
89.20641677603362 13.330393818850084
22.126098833357954 21.286872435515214
94.4670798707389 26.807955804162432
17.48849787507566 50.09300907206603
4.390665930941717 3.731913536389142
86.42344229478923 44.13141770056372
81.52988044123799 19.23098928289694
32.90326298526944 80.96841764357802
38.37282474756467 99.53348785343265
46.75447070064456 77.03397157546512
13.855180035536897 75.3567222180684
23.086950379075667 60.44925964308033
96.96065197348177 93.22449207163409
13.915459477439851 49.21695166360007
63.17046451342353 0.5277326846241381
11.526985859433758 82.54254662978681
19.47129345698475 19.047538020925348
28.1315411880778 76.52506471838764
59.70152962486105 50.75442620222381
49.099272509324585 50.8661538763907
87.32403931013314 36.139896747818575
20.072148811504555 97.97972665447377
47.50689922505722 44.15406892656553
37.625553147385894 35.6870679914419
27.1880932355552 69.05903826101111
24.34275925796553 91.52908511193777
12.000739532392135 90.11191821577029
91.86112577973944 11.87188629033551
31.944836446693614 19.18654533211569
48.31236853200767 73.44164164112966
48.20586871930237 14.554693514323635
0.3222503455373671 94.19543391386821
95.51653633702583 25.85073141428311
30.67540162963731 5.8642220442161825
45.08581335033376 4.103952175366599
31.48960266213251 56.918453294686145
8.300860702319646 12.988954375779105
49.27477230193341 2.1228222182672507
23.261344818035944 47.46271825979864
99.73971765831591 90.31203146118308
39.314348702008296 33.3946322648082
62.50692272668875 96.80779928577807
56.5810869517925 20.5405919113405
79.5537253690783 62.42236939641314
28.2092043773136 86.76785263716476
95.03814137029447 72.61825043232204
37.46317213822806 0.19424829443848157
79.77321504331219 42.26713107404009
68.98924249666737 16.00472913592276
66.14561241898997 21.548777095839633
52.31074867562363 39.09492300478533
0.4746007574545352 15.543650621647254
59.157505433955805 75.93896103412452
87.35129103392966 78.62822241721318
35.84711712637812 90.26865722048704
15.539027502563075 98.18062636097974
0.5163695162391901 8.01569740063628
83.51613001348785 52.90088502591976
88.13304478243514 7.333675488437641
41.73628707236205 43.99601302848697
98.3804541737586 27.316082431934873
34.46037492115516 66.18955604417475
97.9920115558814 3.8361760537179657
79.86776814686985 86.46267189754302
64.95914989311441 61.434203114261834
71.11233353093286 73.21186337113208
1.2888989327373923 45.53107405503625
45.78790349284685 66.29874271749107
29.35562444196298 82.43125608507727
30.562256108027274 20.215147989619865
1.9662391752931274 79.59679307538062
22.318796341367985 92.85900963833744
91.26473294674223 88.09067609561234
48.81399925905631 14.389449941716281
84.21939260575832 8.315472026958348
11.729042217949438 17.473196377678946
12.907888412036773 88.57291994575898
91.38120806499424 43.08289705400726
92.8847730241649 44.07859986200263
49.308131673341926 34.267030165740444
37.310730047651916 0.46590896657441316
51.1116386232487 31.42965614316585
62.51419020369209 57.49323662337608
78.21147774212248 17.536743421878953
78.01592502751818 79.6308434735069
38.71504000704732 63.57861740552142
8.932469182246795 75.275974573276
43.071265618661194 0.15516558270830538
69.49981919888873 91.41950046729416
20.697607666559215 15.11452628720269
99.97004163673986 88.62875881745295
36.53080477840221 15.687952538600936
87.3213624805632 32.24895712122675
70.33538968320117 9.035838250343286
13.657281319021441 73.0487167241724
38.747408129225356 67.76718510948129
34.470504456919926 56.33876046281342
52.878579365284914 18.7454981398952
20.349779543114266 56.99391487252649
47.361070291794704 95.53132175663697
60.56368564089817 7.826994275040445
87.68838309929967 68.37319273548461
5.153418552732547 40.465579343242496
14.175419439072867 37.81005975819311
49.07662037847336 18.411287632069108
65.97560737918904 98.17857078728525
47.33672932354914 75.27630047723255
62.080481123272094 42.9773264036292
