180
75.9297061304846 69.22752797836735
14.078201065837458 81.1830603948467
63.237643468990655 61.687922502335546
32.42806217899219 24.010093160265235
33.69277360031643 97.50590483631588
11.989212303201812 34.3680007474854
80.48327665694387 73.76518212048363
95.1777267119293 63.53036700494494
52.65187975523295 55.15042257472673
22.529237299532955 26.76969940871069
90.6878408815791 51.08367739071724
98.6392937287353 26.322709843754886
60.53861639602901 52.20918163026875
80.26167607973048 6.279565241079943
43.16954624455707 35.68323905233029
80.10508411835886 17.40147574422719
23.901664590114425 21.402375490438274
45.58223692417492 13.481539168781097
12.628640476898557 0.0031274874396691743
6.982194876408165 21.926609152467748
72.26166518402913 87.10966615276016
28.429620335891247 11.994697629218132
84.05255262903525 19.946033599766178
30.97772485526975 97.60782241030233
6.05899963794797 56.45869669408794
43.79455365776674 88.66597608062915
15.536554922340539 31.532670317749478
47.22630219616111 90.24119726459203
97.86047062883057 30.51435447362927
39.926470910139564 49.90756402481951
88.91454413239573 81.04879844050149
40.41919287118921 27.852547072416456
57.40638387192932 43.06774904702838
29.33449942895522 24.543706994971238
89.5347051340682 61.7734325017585
6.850939078393637 50.20110993726116
30.027050556278002 80.16728242493801
93.4442790939352 69.71643136076439
47.358730615665955 29.169109638402734
1.1792289453499416 37.846125018064946
13.995580410341379 38.47722120948267
61.39320717849218 24.406254106856938
85.82108469101549 82.88482739041524
1.5503600036029574 88.58355490121647
88.5601255219699 4.403429820475935
83.8948338022629 87.51589492173196
71.15967415133585 87.86834301413934
46.89906296470496 41.745941483538274
33.73505966372387 1.0861995975499306
67.6077014099474 87.32582138097673
52.34143994810405 51.53458957954725
45.428120390690275 16.495154464124372
12.996291820018236 96.14079158600211
54.961392991137345 35.73736065962062
1.5142373666537812 84.21212889883776
13.17812871295172 72.58337622761148
48.84282067565944 53.42117073683988
77.80301690079258 16.69921641575154
70.39616815402856 24.9037746444312
51.48850072057015 46.929843428043775
62.43412264065288 52.46117161742531
65.89920206349778 65.89377423568952
83.00667702395732 42.62962747616038
49.88722772926971 28.819059175467643
3.996411282129886 51.893097247043315
57.78040575551688 31.472384919533592
32.11260891698653 90.07222971058435
20.771116522206622 7.418232630049926
20.646519414065466 82.14581353232239
44.10175121378334 10.854011525926555
39.481797012826966 66.52162955535523
4.176838592922172 86.67726279119665
77.93550825282047 94.39888473395109
74.93972129967457 77.5312078420813
49.54911649231851 46.42147566857409
8.351132548550222 72.35844895903502
34.90484234447223 83.59728566674977
27.08464361791182 48.06025829837473
31.211470743947167 69.61337215587437
44.640219068221164 88.77547630249674
23.14519967405562 93.34818817015986
89.66620301481983 82.50902874842706
5.502418498761418 10.764406249881365
14.723540367877252 91.89358653098405
72.8546691485523 56.31865095721999
11.493899515908934 61.05527496108804
79.28391157124139 74.6188871245245
8.786870789955936 29.66657818765748
89.69005568986151 19.797922348166498
99.93917469781259 44.72469318983454
32.341668643233035 19.098743684032904
82.93504107362463 99.19965325204234
81.47255157027877 41.68036266425851
2.4897093083355304 10.197875364126785
27.84100750706352 84.33765292040069
70.30713947729338 98.16596151474293
61.466838310762114 33.95917628783383
21.455257253165392 99.44231357819967
60.73880280318349 47.828668925012295
37.18425583986199 54.42138525989672
67.00212771725538 65.23626684000376
84.95211364827578 41.11682267224619
75.34200016744623 56.24275588120168
25.26724867305231 60.7633090484922
47.521239792571826 63.79624411768792
68.15955029814688 43.71411091950891
79.59712127645851 55.220295545170075
45.027238155852814 99.24153564974645
19.525769814262617 7.10457319790364
35.95930506081877 57.401935558140316
37.933975215526715 95.54265789479976
7.071668275500809 71.06332088268856
36.93709012195423 17.445848063572278
2.771416115945602 10.45257094255353
14.884380523495167 86.29262107530143
73.77181510120978 97.30581783719408
55.49251282639284 82.65487772730089
66.94326109459442 57.386763479520454
97.89972352303462 33.06920376858935
58.85231610713768 6.481680087680763
76.4123079127167 30.671058895485892
60.357574586475096 10.501795236369361
33.3634628056381 88.6744410371099
24.373767584047545 53.08926627316002
83.58295203831587 18.816231989621514
15.188691848314107 44.244321920801625
54.627737686159364 97.77838682433445
8.598859659367353 19.365197260716226
70.54495308507367 8.66538378742099
70.80668885927011 20.23251017410007
2.852341112417889 47.376408495617525
1.2298604287384718 50.76032985681229
9.120207094900067 1.9851583349908886
40.06078244718747 83.34780775238227
63.53276526283045 61.6062048240738
39.61738611381864 98.32523961416392
51.76123493574454 59.022040380921126
73.86135229869153 64.41839704427699
82.71648728292583 10.831358966498094
44.67745720389891 13.64655334701711
82.25224483460694 1.587605648329804
36.003770905957566 99.14636517958121
87.42087625278778 78.8193589573975
40.90569104680508 71.22591006751627
50.5096564285403 30.10592787315631
53.473872397056645 96.39188550064792
93.96068012031445 47.452206656862806
44.38265739163909 10.634306087490108
71.10469455570374 65.07513562584401
44.66476724610019 18.753237421786984
93.28008234993573 1.0098088036979647
70.99960705880183 97.66009899985188
11.42083013236852 74.71288183831086
22.297611367529935 22.625878081620666
38.84747164711778 69.11045383135547
6.869417832952507 51.91135963344456
9.287494817686303 12.861370895813751
55.72463793529279 80.73110506309852
82.12238755747688 84.67324502222509
49.68625092828749 57.65256171737787
80.73902891004926 97.37120183065434
85.07191654783958 58.91326652556216
43.18302386629722 22.917333280847174
91.74311704063712 83.98637302546855
0.8494291852765734 13.136469509982817
51.620957481833976 9.75800003351386
88.18847644886438 73.52817853554504
53.34926449534044 57.93246805390011
68.06839638845842 86.98295858921821
85.44878140298853 96.46190068769042
54.291367665718504 55.409194940283115
15.175325034004839 36.181463304091665
72.77571144854838 13.993542973165486
86.48520140437763 97.87922275278238
4.936966287246392 94.35556455324325
44.1104575678328 11.12277878461948
90.23133636827315 39.73079183452563
11.621228858921773 91.56722779375906
88.3915826144273 7.994247313527403
95.93075327620865 37.003996801549754
