160
63.12994490462075 7.331375975771104
45.112844612457835 86.88553710842638
68.44217131034458 0.3651600859794546
36.586696587453446 24.835752656404143
12.445780705053867 74.86493425145649
66.32712575772064 39.40393900709862
20.819388426523844 39.22989521377287
59.54464826408372 19.765767955878555
1.689252397227492 47.14798600202391
33.24373876948753 43.65992082582512
12.86926169340321 41.103285245614885
80.28393548680731 99.38008713182488
94.6460609123684 37.63488382872987
33.352762610382094 93.04328293254422
36.812281805402456 0.9480021826091423
72.31469947362875 67.10774636468322
21.091736335835478 6.281001089800197
0.10873178152102092 44.38233029342539
68.13660524186899 24.277142831905863
7.612313681172345 15.3318008154962
51.67425284183227 32.72616333297722
4.784127926910653 32.271590053537146
1.965520752328176 87.20234018894982
11.473872671892394 31.592032673854508
6.702221155555332 68.70287301875817
25.423372527381183 49.837934779107826
47.05535222386863 63.48799446334894
81.79518356637703 6.763106697876253
12.652321895810982 67.16918361213261
91.78659328329184 8.647097676532356
42.14586372789206 95.14111871520049
92.59888413026661 81.97595132708784
80.44810360568061 23.338192706986018
46.00159664772059 64.64362018485153
21.982075339102547 47.78885613245634
8.471133498421402 86.02194024443938
59.84362538299589 39.286007389192804
94.14577306916638 94.13115795624977
83.04766485765295 57.36313842839136
44.626643840473164 74.94207434846777
49.52569957345562 44.35968396884121
56.5723651047269 20.434291205855505
81.85249525123066 5.05442300351544
70.16118753140803 76.53977036554205
94.60224554178677 21.962646872571156
41.17792822708131 3.497196962410576
25.688021216317836 55.29240172141044
71.20886717933188 38.26122713255607
35.41221564818283 45.11113820535135
16.66297351805387 13.127904125702939
13.44720710349897 52.24126358614256
34.7456587423695 17.8355661408405
15.193461382564056 23.278354162678884
11.333522886924897 23.414077572876856
95.62403718415442 32.047764569949535
82.80498593702363 60.437783904673225
25.183513844133778 23.56484714239322
58.298801520674445 5.1409164073529245
67.95590162451151 80.68426939181866
26.340781846296302 57.6709970787479
61.37089961179644 48.52100042093451
55.055735968379224 18.85722179004968
31.428843347934475 92.61360774082632
56.38672526760733 87.38944069086168
49.83242100884723 46.65009842018165
23.496403183820902 8.424485405520699
15.598881203477044 45.2320833224814
87.99273982791355 78.69684740628409
95.20523724859193 66.1555187202821
37.42670875022049 55.73838027802594
40.79991599056789 76.09402435316711
7.480539347805227 83.94100484140799
65.77843769650374 48.10408445790855
15.358436332712145 49.518452045914216
87.98632907151615 37.883344164789236
67.95509175540691 12.490220306842604
4.561889276784137 97.6966058950094
74.72552014786893 96.07240212391238
83.13963649870091 87.23971539356555
28.38332296878615 72.96569357692351
81.11869120593997 59.17092618099809
10.533338975339834 57.129608547342656
10.051549452829956 43.202193870914144
57.20384062504673 19.43217610698601
14.719058521543094 85.42302600382097
25.624705085960954 26.206010223352738
95.90650906839193 30.066925984740468
30.898678443669013 86.90970121465803
37.456101551870745 40.925774143866356
38.80943826944427 20.676511446861824
89.05397233759646 64.21642361169904
12.824921221238538 93.5078308024125
89.9072497581757 11.939959983572912
14.807621436732276 72.50356403912284
96.59868961250307 46.069457974374295
69.11626576738495 8.82634551766711
54.175215322835726 26.561379305396983
89.17997885235596 98.45005927757806
11.448257449974374 71.77260157668222
77.08271598691225 29.797584958228775
61.74517852629353 30.186506567532902
20.311916840631184 49.09429639833035
75.49892916890491 31.797290583893588
52.759173556822034 43.34474091517667
42.89686995546397 26.418872451855812
86.05222706760382 1.6517885615921601
51.297781328955836 66.81500148465022
94.16196428830088 9.414375391042517
2.9166853145050964 78.48356410176427
78.99759260386764 73.99786908531011
42.449287046699915 26.874809333912218
76.77591312331325 23.361688523618785
52.73048262616754 65.91113444578129
86.36021944583354 21.034171804713843
68.99579611116206 42.69783490953115
39.33521891163202 41.5266215500679
50.37274772114666 11.634564619084442
33.617911665556676 97.60681325841895
54.14108602124102 19.195084655284077
27.225754912776033 65.20803181869637
94.66134149585342 32.31751332333373
56.9981006661991 74.57893965585399
19.388168307300646 86.23129261666213
60.31881390161108 89.69188074423856
95.62701939416213 50.71053488728812
18.563497566815823 95.93848160660886
80.8184434671351 32.4576715331613
91.89180414995063 28.512626770904692
78.01544977990262 92.38156546413525
85.36600775517499 36.652549952135956
48.05625287439293 19.958446150878384
46.644178942084935 82.67317805855483
55.36237604035883 11.735670596354575
65.07952918633077 94.14079130204198
72.17175378741175 37.34793973051246
14.844182700860431 87.7694679678647
28.71073117337569 50.09498385906157
29.717912368959233 15.054283293783921
17.683855157031058 91.59228748395022
13.077378062184108 83.44536214436701
61.06303430932917 12.868525223266314
85.90410970717703 10.511667911150447
23.86755485884049 1.941708155809696
5.333991751710254 42.82981472857207
15.856535702938945 2.996298961811883
70.15432502940878 95.30030342620665
31.493621938152437 72.76412006127592
95.94331512438318 91.86293685129044
10.28447290544271 71.23699993932941
73.06449379026368 68.52172580600944
1.6535943744314774 18.427306289511602
83.0285157519524 52.32715168687761
32.24818238171873 80.40728264545632
95.8419689081457 3.259589657078621
73.90948388305968 82.76384623374803
47.8899705756185 69.49224742704676
82.58608418140483 33.8477598933617
57.42094340322662 43.543388986019394
85.96688866130913 86.45343648617452
31.486156309884617 83.07644188097721
