179
9.043166067912246 94.31722152579894
73.28179431449196 45.91306030831439
40.95566392711773 29.713090950558552
0.1304131417279697 87.11135315491038
34.34182921151647 44.17798556373723
16.827816582498343 25.279237307935343
98.01206762859057 29.74864747957522
60.24773070490147 85.07981123190449
30.26634002524007 19.39060065394509
90.76446661101846 41.163341118023446
56.07000810906272 89.34053607034286
10.600628852806992 87.3972150969403
70.66749576241975 15.112090809596035
48.443091417094294 24.050908368112477
53.196394867142025 23.47081713692265
73.65469546961056 23.322741420750603
64.50411687575588 70.98827908774416
8.93717982651221 14.272904934082097
17.14084649456109 14.712710637137395
67.59001423401094 95.62730496856877
45.34441129596915 33.686803057717306
37.06810235278494 24.7328085919547
41.69204631265067 12.761490219859573
37.1665668508747 0.8557181036818351
23.706778613763014 22.205833989008383
28.20420816957363 1.1847450063594556
97.96546251493825 4.934219010703799
89.99796246987503 38.47822557030162
82.32640242929494 23.954949542145222
3.001921594092527 62.862542934620656
41.87823240001754 66.71785817998858
97.11696691849886 61.65436500339746
51.617527721417034 32.12059916704276
4.882449336075345 20.809666934202276
51.92595449293568 79.1402937256197
54.5161944815133 60.74130456011056
36.88772301430887 26.831621651308335
51.01370246119831 67.17458594538512
0.3571432189983126 20.21426669731702
15.861865835105393 11.356254850267222
63.86338670648294 51.195584450993856
57.24624740463088 38.61650925045339
77.29015932640428 60.46115404538143
99.60658236997256 6.847759590223001
89.12602475237692 2.7395995093540737
45.503854439409864 88.59399670460215
96.99887604220777 25.191767643034435
65.4413932040205 81.8109436635383
6.6699059170858055 93.08285651413824
96.61566824069006 21.70914056381472
25.947629094055536 4.090404786588097
62.85177600280528 29.668274091636025
33.660092330301985 66.83058750671552
93.63979016046898 44.53728360776115
80.48263740064503 12.903175600701488
72.07948601990543 93.48296975622505
69.85617776052253 88.24213222304446
32.96233176758302 99.22076435837197
38.04635016069297 36.82112275449093
88.60248526873474 99.39773535942278
82.19432827463542 56.914565839483046
70.32751552470727 52.10261489663157
80.2807012666642 46.47667319397216
82.84330294731987 39.25988236341615
82.99686587415643 15.459361249074888
30.620679659692406 79.47933929131325
27.308528706482026 8.650884893759903
95.3395552013257 54.52172939792095
88.87549103091742 35.06385659778899
32.17395240294035 29.823632945088995
94.49625465097336 26.248120616243863
20.941238323960366 77.63601597997022
17.26881942997206 72.70743543997702
67.76044900822113 7.574459068425165
78.78315735244526 50.25762563597135
58.3534020727546 73.9348933508944
31.95837423985205 43.35248465336813
67.38238790479822 61.108524455911386
92.43494643275314 95.63012945031633
79.15969168457225 41.57858275261229
29.23896242774906 65.27634592699579
83.58663602449393 72.85785485540258
44.91697729862021 40.387429298905175
64.42987737469423 79.93458252275141
24.58318983093556 45.98214584146195
7.5423757414923465 61.93440967839354
35.218407474836646 21.550649281005274
68.73279884202893 5.46512651310338
36.85112093884295 44.0165132168765
36.83354794191915 50.438124115611686
5.220641991919395 13.537298438827127
75.92140723166234 81.93779311785453
32.50355773259126 93.6475318473161
83.03911082796697 20.667180419975107
78.85012477839433 34.46128797751491
19.480878919963885 87.59889913938926
11.47575406387693 50.068383859334155
43.4384934461726 96.12311403909253
9.66251007828638 36.09025503318032
80.09138969179412 47.90667467425228
20.955637784516632 34.261996232259165
76.0728809008593 8.890563098799387
45.24582849607077 93.78184696463818
64.28818752277623 57.54987206378094
63.89098220772925 79.45284742272098
26.72833637401292 49.83394319857594
80.79313352643183 66.29526844470792
74.95962430545397 85.75311771778338
61.59728933678652 85.11605032079598
72.59684648267299 9.694492536991039
58.412820206314834 28.95964625198638
56.96837150289 88.37344795753194
88.4524599977276 36.267439252422484
26.686104893017593 79.61557735185984
21.18267871049051 29.038729833367327
90.49949765656312 80.61486194138563
87.31704288888169 7.413168431666417
22.587619350006694 44.658196118631885
6.088605745784637 26.423156949085335
15.083368658943597 22.267977842824394
32.012544734370486 33.56795855310868
33.49812892202859 98.88464198481573
10.689838405292084 52.43176282370502
76.85950982896394 82.94061934438282
44.772572844403726 17.83901488327386
60.77149173107097 19.084296387523903
44.332326262459254 50.89867951425801
6.256533057333414 70.83869951971221
3.376490995662562 77.53617121963691
4.72697603245299 66.25557651538972
30.515853624280197 58.6113215780237
77.18296793046103 50.63880743759117
32.08832756458908 19.749699148955447
7.612577509242236 90.832286865806
19.76189330767464 31.299639322762584
51.32635424026664 40.46524842450864
37.40236058288522 7.977160128774252
71.99223363854593 5.808172681457413
32.971070966840024 72.85407419829099
22.35431629429381 42.61045564889224
94.11449753077797 55.327735331723424
6.112099874049315 53.618289532180306
91.32664546358794 37.55178284781485
61.260368188997795 80.91183057158902
19.503678592240124 17.689177915624356
31.326462644780072 93.72789799520042
76.09571981619544 43.99744373107738
6.909927086069045 64.60181172388253
56.68960425252848 87.52123469655655
20.574287073581498 35.582351465157316
73.2632287935132 69.7690806308436
25.049496904807466 89.9147552868285
35.641766498621216 76.26722604733973
80.18376142682173 99.24640267209973
66.59757317807554 39.32201292639368
20.153193543503033 68.82130451629985
24.324239127683555 9.14949198054671
72.12930979586415 10.266491723408244
22.807058077114238 66.1006387754996
15.503051490914022 89.0130956974153
6.244729285448947 41.40427829238207
74.92782952815074 28.975433332343258
8.932664355000163 38.780466106240496
54.016571853036424 6.611762811453015
54.88986130315022 42.601426512932996
5.642272680618088 17.60180089083565
26.38492912513938 8.247165193246742
32.280834708416286 88.94085812515925
53.90471059284616 32.36552405967787
31.892168299764535 87.13970902361564
63.35004803645254 76.35979504985616
93.20811987851701 37.415723740362836
54.36260733993009 19.17846075054409
0.4138987441116293 14.597066191029896
13.443027751943415 53.81328949960393
29.68047568465807 27.583428741609982
72.13214484215872 17.32009906170241
59.451446430342 18.425685126667602
80.31601652053655 55.37022131738688
