29
27.24570180022998 63.316865466696726
64.88738699338168 97.7405406551282
93.42391859343707 74.52786931818655
75.73306673714649 30.98614714726263
77.54513235975938 64.60288942849519
38.826780604473235 69.9545494868043
45.61519197126588 89.71021667018906
54.30226308863774 98.41813234217892
41.10183989494172 36.65493309038425
73.87247602337054 57.413742128811805
23.774603406301196 51.156222291360166
4.845320099314387 21.77643211040856
77.07209895352736 68.2904936182689
87.41283181064348 55.484171904135415
66.37696351482101 60.641949597563475
17.33092079856784 49.15727371743135
13.75387402417787 89.88307377491171
62.9174737056667 34.537813968265375
41.72294034815492 63.24017026772745
56.63711674192301 63.516508367692616
67.22598751567244 97.10437730884121
99.88535863977587 24.98452126340026
41.89119491728845 63.040380914507054
74.24768279010262 70.21708236687559
78.18242329839975 44.18595636084818
53.8587506306874 59.10920284647215
65.39078574392401 92.98813806766117
1.0489306986439129 68.62385357532024
23.505874263229465 93.85953134863375
