31
76.38908152567426 66.33303993919938
71.98043412113635 36.51436224769142
92.60356550153222 80.51124271925273
42.86197940668954 19.349836648009966
66.67428840063288 80.43456218880608
74.5469132086405 39.3789530645654
99.38108076745833 48.21840643663236
71.96064818683472 69.818456483098
5.245299942387427 84.66695455939322
25.004258405603043 82.41414899991533
88.03506619078813 77.95456843434243
89.99582789322713 80.41401345787426
69.59674091479948 69.58976855776714
13.418974022636199 93.91442103398047
62.311942268889844 28.755319488964993
53.571796507535 15.65355983263249
11.59205982139352 36.20832087952319
11.699061750921036 91.99284774432542
31.910477171316586 30.440363713268614
2.5015761466025466 91.15410240106803
39.16450117379525 8.970857933845478
91.51288473017 75.81764324272865
10.479331928177327 41.102222116818055
79.14165767469527 98.86772623220129
57.26496255893759 68.13641730973127
38.076605358591884 0.5713704403430331
10.494760429791617 66.27926638955823
75.03089571142431 89.6091924982607
62.36113415001682 6.053089096154862
9.62591738148182 45.67506356928598
53.109757334970055 85.22597520107365
