22
13.881460581187177 76.54809627423454
62.773481238698345 74.65551048182023
77.13289154736977 58.965957028779805
42.34609261550047 94.79027606725212
11.1209578541553 71.81489058239254
46.106789635022295 52.33697027660652
65.3546587656799 27.630411613750816
92.85994061584398 56.38422630691243
62.72759278363167 63.827581157959
81.18888407306987 19.336596837625386
42.8894466262685 74.4079828067861
99.93628104813598 40.16655339561074
13.82047668028622 30.83582724313806
48.78586047873236 35.99711307015503
32.10048857784062 77.64968214697173
73.13678708655502 20.872267355385045
42.25352330544102 84.4874670156195
41.08669187799083 93.9390003044992
62.44699740962444 20.211093585925443
24.841686534691988 8.186769092709234
70.80801064742424 3.580631487088992
77.07210234091846 76.7103753548657
