25
29.14390907219263 27.99112878208695
94.45298061793062 62.58573675522221
58.16461956574717 82.2253492883262
12.766526502147713 1.8864658054998817
96.72501381267642 5.135580876282253
89.59944108410308 25.144394829294402
84.4098866477893 75.33328865916897
50.94371686010242 66.59296678105464
66.68984967653401 66.34381143707706
14.707010358169747 0.06724959227105698
84.87936976944569 24.230328267189204
40.05307330289598 27.74639047430021
53.28163194153761 78.42935470701218
61.3748925687555 34.636068759985164
54.828711916298104 76.53063198800618
35.00623107097008 56.407810647633205
81.98600748596387 91.05440583629327
87.73729943284351 40.25328174552153
40.81532212371742 80.99310656508227
9.179442576095031 66.09741823068195
93.2730789675648 20.845277089826286
4.10738986590633 66.69998507717246
41.45824662627615 78.66721597542063
19.805192450670226 85.71941397088162
75.45677091929144 26.411666090822305
