28
70.09624658743296 91.17664534893883
5.2257097980247025 43.822729584242246
70.35763481473823 45.42774244415095
51.68656118073059 60.97932725428732
95.58904419551887 74.94055305908634
18.36641873159118 55.27043402419684
6.579459605605276 60.473774039110474
77.41964617743582 4.097573695260792
88.73885138541748 52.419729032104954
50.0083218375026 43.42169363699426
81.16917388468897 5.060467070969987
54.83386682382935 67.99827851432937
61.71437424272844 3.0982080449849514
32.83195946117785 25.679595058969994
19.20771375372944 47.02115334449627
38.93478156297587 54.2708273497715
35.94899329386158 5.063862784742956
60.401935678536354 21.758225254270958
99.53169046839669 6.08655558923763
59.159591299143585 87.12766233972317
92.30598972807202 4.787932443265963
70.04111149159733 24.766206846026538
25.668388819904365 91.32634616970006
89.3680501977026 99.79225125901216
92.35505408643185 56.92174085581336
2.003847772630951 73.9285312197377
40.09924735273008 67.32239813256095
2.7834454619137583 35.91824595380469
