30
99.46105238109418 73.68779593099825
65.8281291687909 14.785434300697043
27.375031427262066 3.225712780484602
23.213342731226348 61.12770624876882
23.717152288422216 20.810771518136207
91.81442992257008 33.339058390485974
35.7284141495719 65.19992689338937
55.27512839765747 95.67093500607183
14.873756864199706 52.255149699391254
42.20576244703162 23.167790500273632
83.13223884312495 72.33342521957137
23.743314294719976 18.850544252731027
35.543335784063245 7.615591332849103
11.876645449583611 56.66229350053391
64.382275470486 40.87976315092
35.211723659633755 2.019490574122218
58.83686507325152 27.239629893511164
68.58442814972648 28.98280738131428
75.17654357496177 86.3367086764976
87.62798967018067 28.410941694122915
6.014697380265521 82.65948521437765
61.96014289176096 34.797687040866876
81.68540688285151 89.7836819348497
48.12800951616046 71.91722411144052
42.95780694691713 82.72006589377979
25.922202716093558 4.55152245303344
10.30307709741426 58.19731379897526
38.33832019280078 74.70493798678895
88.31121710073576 1.7670227021469809
29.792183758258307 29.91439080393532
