32
66.68832226716158 41.78238556657236
56.696520123506 8.367297113745309
87.85199385173615 67.37451681149335
79.6005510594047 53.15904236113398
1.386425864581886 69.4881464141337
72.34085046957246 97.80038715945535
96.64001417587565 87.87216890143907
54.744988839603856 30.156755892960607
46.28159636238962 55.56113579098073
83.40675825195413 46.32497849446453
65.87388189550121 29.76309680315946
48.04092724407092 5.418767983522921
12.319518995993429 13.389684245352706
67.09830666524464 93.60941274283047
58.72363996047402 20.82728572918332
53.27744591149591 61.17630899311487
65.17437128898898 45.337910343887934
86.85298529761393 65.44326726913661
15.740964110975375 14.013891178443128
16.378036065319613 83.45168928144045
21.82785788528897 46.59250514629236
33.21654214639387 87.88443168733696
74.67684699515137 25.783482721672122
47.178321733984 96.66605948729553
74.36703236173618 90.57212532668561
71.47917781974272 78.01073811233098
73.17769952834212 6.409252071191441
96.95820771507168 25.556128673979416
44.95917329181173 74.34447154554125
65.8064039615446 79.9718282595465
6.374281769759261 92.05389841842211
67.55879016490518 51.355862070531835
