41
16.916609798462 21.513508881115207
35.14971767298141 19.519491484502904
64.02615131068262 92.89117516845255
64.69683605030426 18.480412839992766
33.70289340213337 54.58300081079095
81.74136350594775 56.437407388772876
63.249532267612494 5.527508982233353
67.28933866595074 65.31958106240847
90.86799738020879 99.21723188723068
96.40044199421376 5.453931721015692
45.32622613847457 83.03671902602198
70.96953330929537 24.77730655897048
76.81089279564138 8.568342708180786
59.00015047727113 39.83896511345482
0.40062952409104513 11.346656990607705
31.206800698279523 94.96482401678931
82.71929862692899 60.77390596483004
4.756037360947374 32.50867205065098
55.72945971184781 6.703168190753461
5.178375477089037 51.5478992183839
24.566055706578883 43.2428760455995
21.00316134659208 58.45447251192536
32.346576253947035 45.71264373693463
55.42826912632533 64.98032109625828
77.52592232254271 39.71530317607166
43.535477013146696 43.71705224385983
14.095182694011942 17.031569231804923
35.93636077951262 80.68733021884945
46.076524283157546 60.889433804346424
33.6911977288182 18.060947342420842
65.59835789457881 18.386225233927778
95.06672057210834 28.545827832826753
60.29186272031433 51.20448692967797
62.718997204401894 61.43283322930719
16.5378478862767 48.340252202079704
99.84803624465691 92.41720025931036
94.21528962170372 89.76451374955947
26.97763748857309 24.458129746986902
48.72235618585877 49.52364069876739
61.09013873129642 67.46203140532886
40.95634993127633 25.02591857698261
