39
11.509301360998537 47.62536506113471
94.96076771519702 53.72981889036157
44.33572048277088 35.27505172980393
89.29812100368846 59.567795157843186
89.57934565353482 24.460651585801585
21.005660857535823 69.62434687128277
19.6268071272926 14.763510960200154
85.6984250408079 63.8670242857581
59.54926897338424 9.86684795720686
33.34874175671331 13.568471821338546
40.93896213922667 39.15698763950181
5.725815545873935 96.7315230585385
27.680765547930275 57.23729442091863
47.600845927407 25.59030476924771
35.03862731008838 75.09762824113373
97.15429239425228 79.03707633267297
79.69291361725372 97.35895106961846
23.72732994138671 99.51054123353576
95.89487921288065 3.982477622444458
56.24356726237292 42.40035649350199
88.75893145447382 55.81363345456944
10.808944692736521 7.28713340063597
19.566161937255867 57.70610790192379
2.3918374430444644 69.23635211319787
67.49037342197039 27.2360119050576
31.483079507041587 6.625929441093681
45.90812728082969 5.310974936030311
40.515345101251185 88.72025062222981
7.523943467739658 29.348980810194426
27.974800291224923 68.88434196263947
16.831160854415018 48.54734771411891
61.234625143237196 50.09157642578792
39.28995345483963 37.448778959351834
61.32219229847734 31.226761226798374
57.22957017513747 70.27176346380804
85.97551008615896 36.9628632272543
35.420899430432364 79.88714979886637
68.16238236436605 35.73414028079595
41.36156938093354 10.375864790584044
