40
18.15285264118772 37.62855318638806
16.30523254040903 55.35941208733488
19.298480823803597 10.648973350536695
50.58756410136033 72.7335452233485
67.67437003346244 61.76689105458646
6.592294371104035 40.382130238779354
28.154050402952823 4.259541948911938
59.66140573690549 71.22651937088206
65.8827825902047 22.908401717063033
84.82954257259239 65.04805560863142
47.01027407752735 51.58543641630573
39.772184724047754 60.00489511884726
56.47920898460712 68.72775155775737
56.309591069740165 69.2188815271113
30.35597467652179 85.58783530282146
96.39453136600558 39.50028836072129
25.018098053890103 16.543939113591964
86.34331105688351 48.34746969078336
81.13127026099328 33.32368780474708
3.4676204449388903 78.18770386964378
30.557593925436887 58.855023831409966
79.36287175165161 97.47042920899703
34.241875284629906 0.9830944534314212
42.89480964125855 8.806916358068484
76.46728773767205 6.94632854084386
30.643785320864268 44.72688078847031
52.82679816933514 84.82781506782253
20.398907627122153 98.40179928765316
37.504116379389565 9.440731277184355
8.131570686539636 58.51277891780854
51.47539877925276 51.2622282951155
46.490427031476045 44.16255366666015
4.830107657471805 2.978330335656898
47.92122186866328 59.00778229015708
89.81064927540001 40.9288727531385
83.38114281134612 93.45334780637604
94.46150990514927 57.13499663971084
36.66756683430261 10.651202247289804
86.87478054129912 4.144830474726491
53.919818688865995 96.72987582622187
