37
81.66435891590295 55.81218264380745
40.999657419990456 61.52232553524952
92.50458908165504 25.778451413765836
23.969920001194023 49.12750639917988
90.03817358741183 19.18295558847074
77.1976014823401 92.55588884959138
38.34705822947474 50.976644172085784
15.583278192933559 74.19615428085471
83.20986276772044 86.67245575430968
96.21507474528906 87.43388201167267
15.744149617907222 79.89571280284254
6.047548507562228 52.32082316511367
95.91940085980306 29.18049870616639
93.29114795723203 35.724497135273495
82.01492100069318 10.952760365782266
93.81936553721536 78.99095238949755
98.94613309842897 44.77536174617439
57.808514852845406 76.85266443049214
7.978156646738799 97.54489990705622
7.879489946623286 41.35665354298482
17.935039721490487 33.4838911994475
94.83554580507648 63.64310425350077
63.247326800507494 88.78821075262088
31.500103745577402 11.962410528017253
8.028660738673665 49.8255286929853
81.03143327567348 53.25120189853965
19.832166294456734 15.548856876541429
92.54617709800361 9.445758273141147
52.94057091867895 71.77456761124604
43.884520103614264 62.74267003327285
21.864641966100685 34.488668303097455
75.32072272566468 84.47161727222874
85.871548201458 96.47710765937632
36.36876508128829 89.91367671111738
53.676935761793075 81.4806124519964
99.26891570498326 74.32496459973359
31.478836249718245 97.87515525966622
