43
72.76607835284557 95.71827419277102
65.1014997893207 67.03159624987617
39.16739387213569 95.50217098229997
93.29956237395524 80.5071997216071
83.38101139448514 96.35330879213305
51.92787102479023 10.47063342561354
70.00445238379803 78.52730369321137
45.189290145995464 11.56499856567087
27.878795092671716 75.95423431713823
2.7272620557963534 87.86492649820212
80.70378855116961 14.25656821204514
72.27225938302027 3.416955948234468
46.947524018853926 47.55606630173755
38.386173514080404 19.013548814904667
65.30195709913454 18.63723411579462
18.35919209916189 8.192460697062243
96.12563078546316 91.70808313814615
33.686869203732584 72.33324687017466
6.071269416030301 24.980975450032407
5.092357601461539 96.78355800206619
12.881818289475799 77.67923640547477
89.13429662678139 96.1481708110688
11.645082190193056 44.92068700935186
63.035267014535066 94.30802295249947
78.8864181696531 43.904387929702615
67.50391550411915 22.65798248211851
90.92586630408256 88.77704192813658
48.156399881434965 65.17480941077507
80.33865937544293 19.81647358650882
55.50535389841899 85.66743996564287
74.25015669768304 23.326656878035944
37.70257632022596 69.19300353527814
71.76060104210711 31.05192117519302
48.9559427749311 79.45208117005029
75.43496033807669 57.27431632018264
50.562167038004944 66.1888671825711
7.283003302586688 23.464197865478965
7.234756175367096 8.500895534624565
28.105381561516296 95.21831994286543
34.61972024209524 47.330676026465454
58.409392046596395 85.22617603971237
6.551497469897061 61.35396837539893
67.3355595345024 62.16735533329684
