45
24.259578480265066 55.77611631142175
84.15154694437292 55.03902484650987
52.7084868901736 46.80619375143307
98.72666179122666 25.080714066034172
81.43259871180419 82.73496763986965
5.617870559905869 61.477531748274814
86.39654934591036 60.31360101460241
70.6450058763881 55.143710601027315
0.8545063789805574 87.6073934087529
19.646777875129462 2.0484449824320072
14.756931316807464 88.30928574567622
14.304331562899197 92.16155772357257
48.4152045805301 84.77153223472015
84.90020378479623 70.03061313854163
97.39270150294843 55.611477151886625
47.93639249848049 83.86697517618259
33.200227666760554 14.340276741805958
2.213364291195441 65.24621458121243
13.81740318799267 49.66250599411644
63.522185400144295 66.7580062333688
29.6958432744174 86.80278986967312
79.47802934479608 63.10367937038522
3.8536785449076127 3.639946594733201
53.344122781253624 87.978428625018
63.71969519467331 37.87848330089317
65.56227102751139 29.452860331074337
71.1755477134449 23.95710399490547
35.489748858370326 78.01364391055807
74.16214442557678 1.4174779442351904
1.620654187331616 30.641916947433888
46.61068676579975 36.99619426007212
72.37822002723338 41.27784923686786
1.8916145977741716 23.129914898781678
59.12000439478997 43.48506038632646
19.33834677849825 0.7946669565750075
74.68510763341962 43.51001548181607
97.78949549939229 1.7057061130211437
36.10995066095194 5.9640201661332775
72.09465521293328 98.11531686895766
31.696818518308145 77.08906828002301
40.00124536323687 59.02524872689875
28.601259245345013 18.150756113699263
32.224576720388285 39.75696402129324
69.48906072161388 25.440745202034655
93.22903813322729 19.75631555071089
