50
54.345253001817404 82.16507558086612
63.58732233377806 11.4369987195727
65.64602813683894 60.72028160689739
27.616827014697552 91.14512902999988
47.66013665241472 22.934902609861997
18.53217662642073 15.157835926759333
50.96285977987388 59.3326017897492
74.14904119097677 29.427616110409684
58.73329809861044 43.717605992734256
43.70553031373735 63.564596206839
90.01838596984496 75.69568760207684
20.202824400754572 31.557635636595847
33.510069429870526 67.88804423299422
99.10107215802458 91.10203089342936
11.028336538206352 62.38914256272401
97.2594291895827 37.72969353700659
93.1834878431718 8.842607822827953
24.695058213943522 61.977961224051484
90.13849447863352 82.37462302718129
13.98191083799636 21.608315068156603
13.139138137210294 77.61059556849152
19.653994031459497 39.653591329047835
79.22920909887691 54.976782917276054
40.8941340607482 66.24595543484003
97.14202613094481 24.052865306232007
50.16530662665969 32.918223765332634
10.72589327352781 36.06748763685002
81.58081416199323 15.48934412728692
5.987434681374316 67.4628205160312
61.41648139049539 36.247433758835726
89.6597759767716 87.73580166806288
78.22749262013637 91.164528854111
28.849312345098667 47.36976590809881
31.325600602541638 79.18703666095274
79.69520684298902 95.6421983779947
14.767085098021637 84.78127864150396
34.639894716888875 33.254395479935525
59.56903539921492 78.2251048934338
25.315325515384025 7.03717072256469
86.67857854856842 26.772907184188533
1.6623251708761777 50.56765175571945
0.11185032252463145 77.26109297982622
56.05716867780563 21.164924244376614
56.932997750893975 4.657627091579775
60.422498762074284 86.65151593971669
23.222631554542772 44.18975867052782
59.284166357086875 63.2084000471672
3.4311522843263664 83.90155611717492
38.07658916281477 98.896434570459
43.5211491478236 9.492353264727093
