51
31.092841959756758 75.42169141416176
1.2414074900213512 76.14135884788034
41.49580728589631 86.5298399035683
62.62867413602938 99.57601518336617
97.70698144829932 96.47011541721085
88.52641897035176 15.99772049492837
61.31995590846307 56.218675320858544
17.773285026791996 33.02927993860511
67.00795673886363 2.8244183862800143
60.62418902977152 8.259483200309269
56.80443832821456 19.410044261348112
26.677417688245107 45.71127433840903
13.258759635652051 94.34398802717392
96.8881753588801 83.24476979828168
3.127982753406755 27.95684487578044
25.916933260809394 78.88196463445423
76.68553066233085 6.521752979529949
77.71124356854693 13.1689267430256
14.813495630211149 61.242903827446085
24.782464869471397 15.326218505903388
55.00801675784811 0.721841947430002
66.18150886892687 67.02781030876737
10.98817179442364 68.99606424075887
23.481327307596047 0.8600482383198216
84.75961861078362 12.082758037979847
64.76082782547817 40.50332278561214
88.03605391144531 33.33130837895417
62.51257472265937 14.987692867265935
23.03833499854424 36.3138923788906
15.762597654125043 43.79996269816765
30.009824601416334 51.194722139179696
90.15781413098574 47.039281080143915
31.11388202316493 33.841948165568446
44.909495010631026 67.3843260551872
88.24366790143566 47.48143985239122
48.40372397047631 70.38434383199183
57.39310609474722 72.71373714091025
47.32820334484097 55.12021176338304
81.08097942179391 25.30967373949766
25.504544322034583 41.6649770051712
38.823843694938155 20.231227950456333
96.19902221495056 98.29820736754868
95.18453781602226 75.01371644649672
66.27652834731794 47.597886354220144
86.25646994906892 28.41871584686374
83.19655235955862 52.716639209787296
48.54644500383477 60.27495997062194
85.74137745799142 35.04236012153351
89.18002883585574 35.61225693858206
47.88496353935307 43.056581955461716
36.90464182734886 86.78737065631135
