48
5.292875540197728 94.62389057731306
11.04427218597166 46.80325489692344
92.16638379133319 75.6986354868349
76.34001277280379 28.819011486129533
91.37089096925696 9.453869930966396
5.322638620659282 58.9575131769828
72.63020333561873 49.833102862655764
64.81044292383716 12.165489032509292
79.23353905152305 61.97767118611777
46.39536788975286 17.39210431951792
57.0989250309034 35.161117570581425
2.60668408762309 96.42037434350307
72.83319532460243 68.77568530116827
12.644579113747367 9.15328510318737
75.76789752323872 83.0400312547692
52.204235893717396 96.68223914456041
67.09567521298437 15.150144506467544
77.4663624211478 77.66292420924815
22.5384692083639 96.26269975311892
56.7646019269381 18.123739803753637
20.97517853034344 30.974407610637623
33.841965338072335 32.45999728830671
47.29962589711674 87.71640837866381
59.65480747511778 55.527892138424804
77.16066064372939 43.628118485037405
57.65241236928686 86.60718910447436
54.65354014882833 56.70868390008857
58.80920650360124 88.01138628002843
34.78494356443147 32.39786044761027
13.013572331046863 29.791599744248487
2.152190488234318 34.120258109960766
20.626103533492767 63.31038838902824
60.382808090847476 9.378121900272706
38.11331583341179 73.38507852114407
22.561509478890684 20.045918166634415
81.52367802957275 75.10607143678652
47.46560052125252 27.839091324566347
54.46562496401792 91.92738276792909
86.49820425907069 57.381711059674046
57.58794697587517 48.705768392806604
58.67804607727896 36.03331803452363
30.825155995226794 46.84085494039864
95.13580034444128 48.470409151003025
93.48580839634356 12.428391047823805
26.57916933948301 25.159615665397673
86.15225568724505 41.58589397526924
22.885819036936027 0.4861401615871008
7.406157030607774 33.487000967487525
