61
72.69605650355278 59.48366933761615
26.059564263147895 73.52007614653317
43.65686600080161 15.18386157474535
99.86463750654752 58.69024370175636
52.0189681816036 72.03938397105667
61.725473518197674 78.4194770669862
42.844499487754916 73.76882360523004
49.150272571219574 67.53991407776368
51.12059411660196 89.87691759263548
85.3160404348128 97.60365839263777
86.99165855294355 7.352538163780064
66.89496460029486 14.694515489183392
28.46436094538888 0.799961242564462
21.329150412077837 35.35834651722013
46.64242965732135 60.514048421194325
76.45152796929558 97.65453767733864
45.05640501815748 96.56214685136833
64.38605341835225 4.398688995822586
39.58963438862087 95.38939412090913
97.52082109928033 46.60161748420762
77.51910487834449 20.44921612455718
86.72722036596431 6.761618475276054
92.71206642772857 52.8188388600758
64.56014571460904 16.898794460057374
73.08634831755771 32.618916135361744
35.00163673485033 72.19695770386693
84.9005011574663 35.31294939224709
93.09408170125916 17.281165700206657
33.55117644208124 7.326065177250296
62.73727870242916 72.95612556426751
47.35665671905682 26.65267665520108
5.840468821357869 89.64731766591848
47.30781308955159 66.80431589611258
55.153176161244666 78.2258921328567
37.95569711717478 31.453249468404067
68.92331413554996 9.822359685676819
91.33825401326771 94.90714836097153
20.645455297907887 35.22481960523041
60.99042614341413 56.2524920832847
17.769630872592845 61.351713665663375
14.408337475217259 7.3015158927812855
85.42076614239943 88.94024602981987
27.134774529634807 7.340774253601179
6.415164543271812 2.2105365620032513
9.59304390941118 19.84187407900698
25.835538574538763 18.433532754638616
83.16480523699956 91.00483006855919
42.297585266124685 53.9751706813616
65.36882492291748 80.01383670825174
80.37653638140287 75.04165247952395
66.87857354573609 64.1503785700792
9.829251092862812 16.40733127522577
11.591436306442304 79.96267104692583
21.800425602235094 81.16249011615042
61.677768851299355 65.10667145574112
37.06617103716939 3.3937421114304867
38.346105755211866 0.07037859373479893
60.21969631468804 52.93478148842999
58.522260752478104 59.9579165943491
37.38699072617331 24.218437266945248
1.2564868881025038 84.66446309856104
