58
59.105552216301426 42.911837346044415
79.04043815090468 7.012747906783156
39.4888999960029 0.38595599165357486
39.637167069207294 88.20288542783486
76.78242962074515 93.71196269286503
21.025097367702152 53.99985514585133
50.522434445501204 34.05513339647048
2.1953393671316435 40.52119236865875
72.38898826493609 75.57508222630167
66.78063661743309 2.770320695639128
63.02878762762625 48.632656970326984
97.48225519720307 61.6845736276119
31.909233860160246 34.374865767790695
19.46361244690683 89.00380025631675
12.866007708818994 62.0770159069012
76.25251291383393 21.686950484298073
5.9765791820522445 30.92191979936636
2.9064829140363013 15.698933844899276
59.88878971274103 51.54843053415631
5.059153728323906 92.27094760102213
96.43460060284033 8.792795088595485
59.00188828727363 92.13565534740954
84.87129895721472 7.130652876100618
33.21566418250901 59.43883376756597
85.06621748955925 27.953351640353773
31.503114022038226 35.15303761308927
87.77507747178268 62.95318959313856
89.70536214469863 47.768787819397765
5.135726839448951 86.34307974296867
99.64375396774652 44.61136718415754
20.001045247708593 92.4004818781092
65.1276265568243 10.64866453746076
47.006736893800884 30.981022513523747
18.145253246560856 60.291839018370396
3.8109052851513336 50.99276887923154
52.10047306429967 75.8946833112512
8.7290277046968 42.75843329255681
85.42530477946617 58.03743546996352
36.20422956684012 60.208413315125874
8.114662686223184 95.21433009513547
31.44293260061093 87.15034517398207
66.76233916766594 83.10216872881196
76.16182786019723 92.41385594626558
27.745036271304933 50.68401548457959
27.802393278825978 46.36121325647334
39.308157568177336 44.502642908618675
81.12205423965257 94.13437371422714
4.3487935584178405 13.622942125819204
16.378904556671937 75.37012003582784
18.292372607429684 21.17763103739434
45.8179425086783 6.647806499508169
25.178758044828086 6.840346909366479
81.13102783100656 94.42167567198038
14.938500354063411 0.33447407560793785
82.2316637035827 47.55218665779438
78.49355160326235 97.99951571119375
25.160301090522996 26.0319718412503
85.79439412081929 30.510701516680825
