59
95.35847818468449 86.98859142498905
88.34831933472327 12.620166514473663
97.98798655255952 92.25323132154624
91.69646457968068 51.664489195879135
72.21267602450408 23.074331333510003
72.96421677281491 50.33431533749167
40.49019327023262 27.31155479774624
49.944133740768656 88.31658147120191
98.42128310440191 8.877635018122376
75.0832097888491 6.827004385713087
38.24276584622922 91.1122156440182
43.621142459294134 56.31053444470867
12.560668159749744 22.62466539824105
73.26574984601886 10.823968690055041
28.745545118169467 69.7213963756812
64.04973389324599 33.6517113081719
0.1151997331279353 89.30688027059391
58.987065980518395 25.25906263403277
88.99008905697656 21.17511216645609
45.692004455282984 14.331733132210667
20.3688108274958 84.94931742261215
69.19129464200827 67.57925764648537
68.64846960910954 86.47771029720055
40.42445940898954 89.4117322460827
4.581754602602295 71.33343899425869
38.327183181290614 92.10098311992408
10.287001553662812 27.604287397582006
79.77717478341391 84.13953269317803
10.487540322885547 6.762872159354016
14.759703986765626 16.43621554642093
13.893775882373427 30.44070371475214
92.79235629880408 89.23558566760761
54.074494376429016 87.41667378169792
55.92250561430383 17.29923455392103
94.5564236426086 75.9959539831619
78.86325473568432 62.698720131016294
97.42702379433041 6.279617499567358
75.90861202870441 82.23341226509233
74.33510567457061 3.0553572034375365
49.77220019617992 33.46134566670136
52.73857494214982 26.70379200775872
23.764773068312294 89.71467268708281
35.65724978887278 98.73501329918061
7.8402796216008985 4.395003534106811
68.42401240763391 35.08964003105005
39.84860252925362 10.956952087454042
74.87550412765046 71.42037479118963
40.56347727872351 81.05756004672206
34.827098617029876 91.95737588019583
74.45360340829158 48.512115254067524
66.46517582519496 94.14111700102154
35.92839996631496 97.90420839233693
32.41082259056655 35.852315822214486
91.90530140712835 84.03022521295476
15.01575541798681 24.48124194483413
83.49926136086837 43.28493453419334
25.148536480227378 4.42678910741916
77.17017214464941 99.95306599599077
37.8469452446382 16.586002215461836
