56
28.1509035527579 36.550653226577325
91.9797378805539 73.04889375854981
92.96556325134414 0.05498732161095532
96.35693099169333 24.73429258806289
92.45610677175576 24.29521472354065
83.98355155936214 13.077503055117013
45.4470519581289 45.833892698320035
42.852369589216885 90.68078144772016
62.38298454848598 80.7229071897815
62.37747461904646 92.17034510930489
33.197944098971824 11.749231253020408
7.339473751919323 15.145014309745775
79.40542890000344 75.95567679168664
84.97639438391593 56.46744529723594
88.10467100594435 76.14812530704816
27.596344006050856 83.55530642257818
85.02871114876828 56.54200457929386
23.47198069670472 55.464719294130994
72.40985169231058 16.663247523592094
75.75909857683676 37.24387030880122
72.44559205808395 52.01602124079533
65.92892243154913 99.5679934404047
27.268902224811054 15.45750941635876
46.04602924386373 8.168014815484447
78.68074900175384 68.10561306269982
87.82687017114205 31.28973390668277
33.20390777338773 56.239492901685054
69.90699208725674 1.0540464789508097
14.156074530690432 96.85263923113536
40.80452021621943 90.53985511643235
22.32018267734135 33.54811751697567
8.816079411431133 31.745439952360076
35.8870862154268 39.02178171293001
5.060240509672309 63.26239342709854
20.889745050101784 71.51146320138301
88.21063904512263 53.79609406529503
83.98743688968575 46.71386156147579
58.14132538374128 7.176102131254347
32.80518233155155 56.86040149138671
42.02821603504082 31.530702340530503
82.53343456075638 38.302896615136284
91.4120483208277 73.28040388774845
93.57087273566653 20.257723319308816
16.344167176320212 87.61468830745657
25.71578888467854 41.8165189349071
27.920515236064013 22.1759661104027
0.07508478140046959 69.87205442741639
96.48024832153811 91.11716766360647
78.45444055667492 23.935835665270677
65.5968602927697 37.785938517160744
2.6802307520523594 95.3552179945427
48.44778329753069 3.0329233931277066
38.43557590612892 56.4194510655097
79.655862375977 84.43969429337595
99.51047403859098 57.16090206392496
82.07465738115269 43.18971244273108
