60
84.53038247869958 59.89979801282522
88.14050914890551 75.94260540941063
0.8599219196763763 4.98616655098858
0.9193390080802 82.76199715642976
55.07291545091678 5.168964653297959
81.94856058201987 96.10814616305208
50.74001542032782 66.76614478951683
0.243357068287553 94.618321916952
78.2403239524004 15.200283699770944
36.242909756538985 30.376302971571643
61.786299458891314 40.307281063099
9.439134437780162 4.855817576767418
72.63393315669782 98.19768048124735
48.07139883219129 30.356521625875477
32.490245533120145 23.30492736740797
89.22729440270186 37.42560499707947
31.559652015647764 32.53095707461897
6.23704408623621 24.75582123540501
20.00797961974319 4.147042187022332
63.158152724006435 34.81838873112354
76.54688431808341 59.494758680164814
12.25627748598679 33.57622363280964
1.1094067351260062 42.04864969226209
1.0448014838905784 4.688373387354472
48.80954526313974 80.87322094135645
36.88328331446711 49.18107545809376
34.346329266123696 48.63764935513058
14.304216811180803 8.750788419284138
45.379999295930176 55.21000224492026
48.16702316281648 95.3938543990628
17.878300362334432 63.51604433652634
18.02295696946208 31.2584360681491
43.50709899280435 46.91043673015031
47.95311294602828 7.189796815817584
15.08760843534266 96.7537672650166
41.71902595451314 81.85675987797815
10.544302215276957 45.124437766601
46.621811536492906 29.619892627919718
65.49129874901215 32.19954460592432
93.29804951203211 31.343741864489427
35.12745200472048 20.842284085165865
56.61185016931619 52.665059994407756
48.06259303433087 80.73135175442893
18.766796223147853 99.04025469115739
47.23502858804124 10.890010624471035
79.3146249981985 39.990679266925355
79.97558245207415 29.90256620529047
63.54364402214573 49.15502474639795
56.74596328669911 35.06867149059012
76.20800814492405 13.911318496468228
62.31205063339317 94.21380529102507
61.850329580797805 31.65987514274472
48.67935686090009 4.4895227945818235
95.9244823196808 92.76780764804701
98.72392608812012 72.52570070805453
39.418835802591666 22.99992872628276
56.13698335491721 36.960314034139415
50.9824219917944 92.2375366495644
40.89888868700611 92.9945050277285
47.56243440410811 48.024873174989644
