55
81.45600115717329 3.9175730849824952
41.992357568023195 41.5729132299366
53.86511917170078 55.01869883010958
39.088972436612615 16.288870735948613
76.54557053540142 97.51855542552418
33.46248425717063 67.71070296658235
91.47080136147548 94.79054176584236
86.44172903819836 35.19966158761787
4.585181404515859 37.168189014642984
75.26563629503626 42.31121856625229
98.74074649294899 89.31551161909903
99.27555181264405 97.56716501575028
42.52320639819601 57.48945170833826
70.72917544661412 49.04081599833759
71.7985581618905 10.811147122558683
95.66088177852032 22.892785719621667
7.934527624175791 87.51587623058917
61.05013923522733 36.279775651200566
8.4465643971539 6.1124265197946
85.71375797288475 40.1736737168116
23.314269071055417 33.55502035761558
47.97860996278271 30.241426738138976
69.39082250483082 0.010865465133536034
51.33497358020793 75.33898013442581
87.31228497646785 25.44262884885129
27.0093489277922 89.62561163472488
77.89528026057268 63.52170325914063
21.665703579305028 26.125834086401024
79.55324494475748 31.594631769471924
40.915861281810294 5.326026407307161
29.7074768271705 49.09520902987893
96.3057150114133 7.912095829378385
55.71411162865476 19.099353442796353
44.26866500819669 46.91665130333743
67.61725313123381 20.03989979448344
55.09814689780943 85.12517616687056
90.49229974701089 76.50292069174445
9.067618404282808 21.00619346193725
67.51255783136132 46.891724611811114
55.913173704302125 17.427190883761845
35.56877340436123 17.228757087008372
76.48780889979221 15.964368638289738
67.20548876488014 29.54233055853309
17.987011880462234 76.86641977506623
72.70324143983102 92.82523481564549
87.51296635554226 52.505129370398926
47.332020383622684 78.87935209126233
8.131709025135258 22.19184239386657
22.092702613930182 20.37327656843906
82.4958593446847 26.05130794859223
40.49729630666927 84.91229961973445
10.570638257034648 74.52141746011243
67.64913327752939 30.78089181017508
68.06094666921445 83.35190691672874
70.40051268522744 46.24350799791862
