54
28.692365259706097 58.95860680752245
11.864889019546688 58.41560121325392
18.865046996586965 51.76614275435555
29.326583872547573 56.26487394091666
1.8549133966904274 75.65218214583517
3.9101997451054027 33.453358278632614
73.82339311874975 18.298989473783266
12.308979456904389 68.75422795035648
41.55055704166178 85.31213295325328
95.45831900780485 86.80186770917861
90.2998102087875 84.51642399982943
78.10640243961271 62.74941815762358
98.3385558875843 35.24800652385171
42.57875053561116 28.37623487223153
63.95750568592909 45.16327991985696
11.283707789691277 1.7569204524888082
11.04146062666449 81.71116413367893
92.9751939046615 94.49850706695604
13.80800232997631 15.10572832145467
89.50333658673098 51.58406017044428
76.33863451000643 63.723963651895296
7.790753691093933 57.817439793699656
96.82400763061192 75.74474822896019
71.65982612507283 73.17507861424336
14.532225152405786 2.390608763692903
86.56898983054579 18.611174317037595
36.960678331370666 99.79482619237014
88.51811112548972 19.686866548115457
92.32837856768519 12.958478187367128
45.98857550122325 21.121057364502814
11.285118693334006 67.35196470888243
86.20863527970758 15.808626977093654
57.20295635197195 98.36225112264081
54.02466881149528 23.24727260721251
80.5883797088905 23.361406984223677
9.362482710928699 85.52753474487679
19.982359073001287 35.81131931773104
84.39491674154951 2.3505225512690298
77.12781791962064 27.526541257895953
59.05384996752572 57.89312627482326
57.923624425063004 65.35595410157381
15.336596012305193 53.782245530759674
87.62416251020824 74.24134091745121
67.6370716395329 59.240593149138675
42.56235556108542 29.082689316785583
26.61857560219317 46.82928335356317
21.55278163112936 31.306883796911023
97.9567082838157 30.095562800239705
1.4194838744090998 38.17044852889754
63.77075877260199 69.69590050570751
11.36288125671091 60.803876382434765
49.070587679798535 40.29703105098032
3.9857948765942064 7.923621277874238
48.90882050126972 70.33061102003644
