62
50.18112773428782 5.734609596896123
68.56272782147828 83.65283247504071
35.52276027241914 67.80223847546087
99.87326026347573 4.767730199416887
35.691554827884865 27.611503399896186
73.23108416184199 34.848993505548385
77.42009133924282 26.954458387730206
82.82200464976587 84.57433545013694
40.00294065856016 10.77556207545819
76.35064687808482 99.27491014932214
14.012461138719967 35.8476230512077
40.36055085625211 80.71651984026651
17.833285779792163 40.5498207843493
35.17505342436914 52.68317729504051
62.406383802004065 13.33709047449294
61.280495495895195 68.18894479377987
63.5814888213268 39.62387034451464
1.9289428980268641 24.94806470848022
12.223181750577627 32.5333214122842
43.29753028380683 64.61868714172076
62.222451794093146 99.57405949674532
65.99255608320732 7.774880188643374
37.54104024009447 76.32810604957791
68.93848337795716 12.744206441485206
55.992374834543924 28.71835875238823
95.84921558184459 30.07890734410379
67.97868440791179 20.828503737393444
35.74009364346937 98.72099698131633
39.635199832321845 84.66536467464593
99.23019252884824 18.281595661769202
99.70419545433738 2.8472708597474528
90.09454354021528 44.88691670110019
22.4438291451603 67.48605963814954
63.64074837855026 78.13449880848482
1.3642747033577707 72.8725304202337
4.62414311004461 76.7260145810723
41.88719509520613 25.709606101104608
89.29136257211319 97.45598365011074
92.53269659786596 33.21096499794912
15.729115799397475 61.89074297540485
34.20548961937757 84.78089381178154
67.70836686120558 74.60743402206673
38.70294985050177 74.05078378975392
86.097632723414 41.9245409805168
45.9253938513296 3.147944204121844
71.82597747787804 92.61458392871779
82.90711965550463 15.292708596820914
47.576410597046305 59.37535088559702
56.00903907891769 56.36097286622347
43.898356363924165 30.28357348411245
79.71562577603699 64.44132469510946
11.949373087001259 72.70428817072249
83.32552563266266 86.93025169234325
4.2509531516479075 65.60292609185521
28.433831250885078 54.6099148117049
94.51558791118715 69.5061250040672
91.48840101074695 93.744561977966
61.21127177586311 35.864435616169885
99.78131081708626 52.003855895903584
34.529567398860905 3.642603841202996
46.53266261964032 94.72826116462183
52.837536289505174 88.63164203907796
