68
2.2176743266952625 24.72674420717539
43.93919158067824 79.45859710465292
26.610287061379147 50.895117078158194
34.21058317391018 30.796043710565822
78.86921934548258 82.44632297021055
14.259619619533236 9.50188986761794
57.647284757727945 86.54496099530263
19.641224577700168 7.5373543765525515
34.756110788254645 11.253951396813077
36.220872418488426 49.70205068879433
28.016936525249836 83.41855293873913
16.042902732968077 85.70389009744271
66.97040328804685 20.077117146529034
59.784160792622906 34.893261512962646
29.83109301187724 54.26791561718267
89.17138453480396 10.267741301863431
6.174803827787267 28.672126891061033
79.84451698220923 89.4027716743552
90.66455873307274 84.4474987094498
90.4185323713232 29.613274131718626
10.748874321580947 67.9801698259144
27.153751610859057 13.297382153748815
32.94431976507271 70.42575350274066
43.56706591881937 76.63846514409681
68.74991999871035 90.19265809883169
9.19057597229772 72.25264681618302
94.67918094234959 80.62471329982962
15.776271967938438 10.473876617687983
29.696322010630205 67.0241468616182
40.62886269304195 1.5463922395447915
4.691140791366976 84.66224272938815
59.61676852104644 96.22070624088045
13.952565009653007 20.313812486958216
4.479299000855519 92.49199669333873
86.34271177478313 23.248288852822586
23.413154841584117 41.10808731307413
72.96275918289142 4.320047465531662
54.590131823139096 48.54711866663948
96.77421145524816 71.66958433833341
26.878258465385585 58.22616596897922
96.65523195306572 38.80163237100248
36.743323678011016 93.34846058493616
96.64075187194088 82.44385061213731
41.56952768892366 78.68905998797514
77.22694781296914 11.900473035356029
51.79705483251734 29.52031411942019
45.204561276881265 28.27838249152531
85.35143286067911 88.3768404513124
71.25614737774329 96.36121199547878
7.115124060831279 62.8182960733068
12.72916921093865 98.2634080702105
35.84389397023148 29.731345420756917
0.09040737598698945 6.249086772501822
63.41594089255421 50.23267611622943
24.458808772121586 50.38832978057991
36.68153042555402 79.03753979150412
54.225475693672166 41.142347804791534
23.538149781881113 38.5981399615656
88.47754382830566 6.331252167572476
95.14154669296772 15.025746971852572
63.5220295789174 20.397097723345315
45.71240252776503 16.705923374241493
66.40571720255201 96.13258808145285
31.61393542755927 45.37984296259542
48.67185702470602 42.92622577595987
94.77078073324562 74.18665181255727
34.11091429767485 29.379731326816394
11.120633136645687 46.44888761137843
