66
68.99551356744882 22.730494755811492
36.03668500383438 45.98104307821057
24.04831268713128 28.70563527994785
93.16378587067408 48.8547373170145
47.1978502184504 24.797424895876762
46.42193450248443 39.81603604978552
54.67689021998038 51.16027921217492
92.336002622768 63.17214515392546
55.970583455088175 86.024274371066
48.605841747861334 82.35608781959674
67.38185367587774 14.899873956257093
66.43909151930013 77.21383190319436
79.31731071459515 42.133916777241566
38.760884691835315 14.312573658523764
56.83328048193519 96.65453911244333
24.932327784399565 90.67144789216005
92.88727469178414 71.8919842827395
78.60452332732854 36.64450538035676
20.105477321599928 10.177754142588446
1.3144461795649098 44.27171658747548
9.265355164129597 36.73258210556691
1.2923207396918546 1.078513076852916
95.0923550163207 61.84358710061812
99.01858081032414 32.83538616449129
87.13130129648351 48.94604096663861
86.95970891524685 81.90583253313227
75.06605744069304 22.23440156010139
24.097239397959 94.2228245009766
10.038446660434275 47.46951421611016
28.845762523192008 43.34991634194627
33.739804852170764 3.4742360955763663
59.71000151707343 16.77105602772395
98.57214460105526 70.31674286294253
97.01843593942093 14.570626510942496
8.906292181338538 45.90475487926654
85.54905956972505 72.9349667086872
28.356943627828247 70.79560188287188
53.85478127468053 90.98790492441397
91.57724000466419 66.18335969275144
83.3802791886763 70.45514585917459
85.1328470514389 71.08873719982853
84.74184713840431 38.324473711407926
41.1796267115175 58.003673312644324
71.56269118308659 30.94870809853939
14.621922431279199 15.022278273927958
25.35405053819394 30.22613679683208
68.16256153843291 38.13257472744668
97.44636251823466 39.71656178519819
51.322188647095516 37.34912963560164
98.12433798311359 47.18541593771969
4.221436939331181 95.86549981904201
31.070215387485568 81.76565864940537
89.25612065864863 19.87242404639378
64.55502044154012 75.65463077922023
54.79485235820779 57.68481310869764
53.71824870782481 62.0501876865542
99.8364005429053 23.718266529721642
37.49605037828633 13.630190592386725
41.02478555605734 78.64811039663417
78.43864889560719 98.34581712452997
74.16772371625689 54.57673972611078
26.706911731843853 21.017862509800423
89.9382654920257 77.03459703676569
91.39523754425397 98.26525287898417
93.36577766699975 96.6225539505728
70.62732368966716 72.02596755433923
