71
24.937808987140265 31.312972782978076
82.71023229088837 98.44525844661149
77.81304571997035 62.48313503307886
6.73264874165157 2.1073142961836266
41.9734839084594 28.935843084049363
19.413744588878924 93.37471758108101
98.41131246514921 54.06186040659199
16.581987246488982 7.188121511172108
24.050916403582423 75.315365913269
79.7140076677249 77.68526924979376
81.76474858811856 58.754711713234386
81.86998894312492 27.780311611790374
15.950896417517125 40.550876905192865
54.891639162788294 49.68703369319062
43.64216440157567 46.08840274508508
15.090138217221138 34.9486918708088
43.28293221295716 92.46430075313941
10.78968504191149 56.925840819767224
27.137807259956848 18.858118640039912
48.26082836672991 55.607594273169624
18.25719752695386 44.83390672515768
66.4937965862451 81.65099525383613
33.76787655561982 44.15563023966311
81.20634373556253 39.79624707120307
80.8214671115649 20.818655448052837
28.621384592519384 63.265594809718706
72.18833766746252 70.0957952072097
97.76350364957595 58.167555119375656
40.35016381872221 58.73509363180545
95.13632401676841 14.221689110407898
73.27922019697081 21.68214604159099
35.12958459560179 26.531808895870356
28.586178375145888 8.915380862638777
88.04272521385175 78.32549151111084
70.19070192188983 27.13367780960897
13.097109848806454 57.30111670273268
47.91997380371992 42.93692185012068
20.803560588365045 68.87291301737922
2.9228715232981317 22.396133721129917
54.1452099694653 66.93688944710794
55.48602276194453 35.82469871552758
85.62839987981147 89.6640330320902
1.6977322031708875 7.746981277163211
2.250580659072332 42.766269539867196
45.61959806619179 39.28598523515361
28.06159154797615 55.88876096951194
33.192446014307805 28.460639221717475
76.52958209216601 27.623988018889968
28.084127270297408 70.07974345853265
51.3745379325085 4.34532108949851
0.07363635338568653 46.482422491711006
22.203522986617365 63.54468369319183
27.406391730888423 9.53583501959423
80.54527711003249 89.28081778124034
76.72345566868715 4.304770085012644
37.542205162013055 6.058799415055072
95.56255965756063 97.97229174016312
75.57737072518852 15.846856024986888
13.181143480661516 49.71157424347391
43.34583278883151 44.98800155220265
26.838561446495667 74.73202626233606
66.92064771021148 25.403841914478086
42.68452549897053 84.17648165531087
81.15005268373207 38.98899492960036
48.03022183330543 2.0333257676123706
2.7717989706861346 16.24502223713158
10.468568784923438 73.15740195201559
98.32934002174655 34.304827797362805
5.435620373854433 60.153370542097264
88.80020435518765 64.28427780677973
48.83180240802606 64.93068213140279
