63
61.114667563202104 68.18623058142673
60.0192783342004 15.346114071507488
56.87918422360981 62.892223629603606
75.0027030921446 17.648547825861172
98.83712770260222 14.650761013198888
61.786194151668475 57.28779009770596
48.721870544862846 0.6487351348779757
99.34188091338527 57.72864645014722
49.64135181645554 39.304472462008135
42.97379114992567 47.87719787019855
87.17487203514287 97.00449150727324
55.609638973449485 44.327506869981534
70.30200165258772 73.90629951891974
43.71582743813771 93.42680350367955
59.162976538155796 25.872113784025064
17.04689882977677 44.19467602567919
3.027123856579128 74.12171982788341
80.37469849657431 74.01069108116012
5.545706268691031 43.50263059870936
58.86822876113952 65.45397634196638
90.46661488058541 63.75626907695269
9.486218248574808 39.149419104450224
17.220740451863225 93.52860535110727
83.1856832190162 74.29642005449101
73.01735057358252 96.97897862686101
21.325093892526358 70.22318602284912
62.46175732912016 95.8993451162592
31.7418083682901 6.117735221681652
45.681011734780185 78.43798506235716
2.368238403194789 42.85114900782343
97.47658439712244 7.63931879806089
94.10292490787504 94.24723606013347
93.49272313523949 50.97575680956592
86.09109222187399 35.54220381099932
69.43559566362131 13.08591106430843
51.33979440132058 82.28544718828164
71.95217675177533 6.397960811298898
26.68186569311075 76.32801145535127
29.43164432525115 48.36833986758234
81.06911012448506 91.2645426678132
14.794343558883538 84.83724180682412
78.7062000171849 13.633133020619216
1.9585407207753147 96.1135608915233
66.54111892690288 25.028049124433327
44.57768345891881 56.99814244504952
78.6102168037109 9.168357148518814
41.057078460786045 22.246102724352202
47.14675018593961 99.4860843315462
81.52482100664422 85.32354365560668
63.48648154373369 64.69976768933782
19.3054631582261 18.415036647011405
91.02561879557281 46.22121642827428
79.40583739878132 53.41236472445523
16.641859867365916 13.525676285516253
95.99297688952241 81.10521516694429
47.48699443832586 87.4440345648995
62.889265042876495 52.14553618647096
79.56507218384365 50.97163298583318
73.69423064134486 26.908601800690622
29.928845344079846 55.63681047218325
23.728385606215152 0.7881594849652451
58.12289649607501 92.82188685018417
11.191818034234547 56.49124602541951
