67
27.806053886425396 65.90401362668584
78.63112475745139 72.72384159731435
6.311422263812682 99.86160938238713
48.549622614745324 2.159678334028281
53.858958882019834 44.15469045463897
32.727796857894496 9.252387602871003
86.87359949612492 40.182156076470136
13.706804182417754 64.52946645613594
84.36618596087247 82.55255186078404
38.63413107987136 87.90059697348096
44.78121964713229 16.436574915612077
21.211147672265906 65.49766221299372
28.93752682712578 19.213134097834928
83.06651947620426 8.506893965351859
33.098546423040766 62.328336733626124
26.185992402944258 35.430556363495505
28.12388160222413 77.7713869543516
97.36148036725449 38.681862622198594
74.89850329695228 59.87531853302368
23.333520110886706 49.05091998179179
82.74157823497794 47.624523987849265
52.912345799109 28.62180138929922
28.97532631117018 67.72507430593917
33.8824640884101 49.87804712268095
77.82764199243857 57.532048527656
28.2744386508469 32.367042127312
71.85198715420162 73.94756276618797
58.11851753715748 19.3382719933066
13.463975024548514 38.736065754091456
22.613047395817908 45.92107259648084
14.811657583684045 81.81185972296376
12.232521546196917 70.81939510470193
65.28212480515327 9.695108393863594
1.5651185240545429 70.6139013553751
36.018429253983044 13.437688275076464
4.080674535178752 3.7559564488943153
24.098062537464138 84.43368381102377
89.17578176504578 26.289227260836146
9.985522913123845 38.003432702256525
15.313872467956635 8.025753798010381
4.55514460256321 49.08928396371712
89.74882054180291 18.54197749183414
6.005416351133763 57.595352450306926
4.557869179137574 16.859677194826837
76.00988627821755 71.8165392809769
87.99194795247217 15.327261694416872
48.983608870206716 56.7939975637575
51.53921201114965 90.01582453245311
87.2571739255724 8.732363698728651
17.545255446808007 60.45196293334721
46.78436047679758 31.93805147621337
30.3694323128027 37.978227885890526
57.45662617752302 70.98330961221465
23.64270882757722 66.96786732538732
50.25267537893438 11.146004523691333
95.72294439731029 10.908250848285128
6.677854738423505 22.91132621648464
64.37101101090373 46.3624771320584
38.866773027211764 89.4196068689924
48.7750472507194 35.14142002400238
13.351407688720796 26.470406170950834
67.36537974038733 3.1663869990269378
97.47084884759283 62.0758949647434
45.593470934206294 27.08097667422804
46.55568639528913 78.24787857716237
59.285962041863804 36.945790327366254
12.23799200003195 26.581228318654038
