76
66.17848231625055 1.9626909009564097
5.784819921155293 28.188676786039256
75.61507942697278 38.971138816911264
51.63959524494713 36.80882269131691
25.949330537192328 90.16940685774003
50.12457227347584 65.49900438378766
58.7797765899145 71.4055391716166
39.20204133898583 82.61118821619061
72.29060073856843 52.595573039266895
67.71269959147087 98.8015805561983
86.76084936898665 18.59903425483054
1.5157151446981376 34.8757124865683
99.76080071002332 45.81081220111075
29.254048969909864 86.4446779643271
94.6291202872577 4.304944153912771
5.3394610058221765 65.13128337872527
99.26396849591302 5.921291466390766
11.799897728565478 98.73663474749095
85.66286760421656 66.88473794971782
8.573596548204844 26.910697260334704
53.561730395001085 29.396764279174505
12.323748356975484 28.50495761147466
63.288604277975026 44.962709474983455
28.551065498355165 87.44926712754642
94.75149260129334 13.367705493430915
57.50509988716671 24.99585034310269
67.41438761844111 83.38227391867278
92.64931279057552 59.03886504630695
33.35084256007528 88.82419407958915
53.79370217743122 12.309176599038118
81.8415975463477 81.78397312988984
72.97077877811643 26.056180458587086
91.4905660650646 41.75600831525631
20.844153824610746 70.78363247239191
25.24496863960359 47.53135668376811
29.467424497120177 51.8430077514885
1.099012252484055 78.0041534125118
38.09978616355384 72.56399387979965
30.24996986222943 71.91435553526455
75.82551329782228 51.90647677377533
85.81757282531505 34.176668843972024
42.32916471653765 30.062328080542134
40.01303864146387 55.41341356231017
49.57166367961251 22.642344741340015
89.67850184723781 22.257147603702965
38.70309677369694 88.98496845569684
98.66922367485658 77.29949010613225
22.600552275674257 19.155663757665565
29.04729699054499 31.757325019860982
78.82136329308452 2.4974566671793874
30.73973039981648 3.3317015722910237
66.82514976275355 69.84172892150328
23.57709292119773 40.42441823688616
51.68935908718445 65.8880827079298
66.5267183990284 76.60435418218407
46.1507042873049 33.41714581465642
25.97744296499912 13.91510125718175
89.85852193665352 69.7981433095464
22.055696991259786 71.25519012185018
51.76346045787565 89.5475411519792
15.724501130815483 77.4294290104143
30.19493107740725 60.45362254041958
71.82066939932969 80.64952957899479
73.93262602800878 56.343951474347044
75.78970781169662 58.37322338602772
33.525970339365344 3.4621222228594206
23.064616520904625 36.24402865029093
59.05717796433709 65.71925856808255
83.15738229276532 0.9689332715805854
28.114028178536355 28.622737103484795
36.97472732111559 74.18023468213967
10.4463893478705 26.288663306396167
87.0215627551858 59.495796853899144
28.940454294847918 30.611771784109198
14.295611659783559 56.02748334733838
41.767289637756065 98.28143599834938
