73
3.144105278311893 9.520142991498615
85.92783418152061 44.455710052558615
52.036423548484045 19.96911961724911
67.67093633229405 33.10024105877376
73.8383237777684 86.60651373429434
95.35981962130508 6.990822879251491
25.807119690753144 44.03219582378641
71.38635802805882 14.441764554308046
54.076993674149854 61.19359750119535
43.9815354371816 5.721575798984468
54.883740319058795 57.15507700696578
44.709982208649 22.910435538904483
71.85402907825149 55.48391213582258
85.07056918785048 0.7403593247731544
73.1925416739297 69.36210430422497
77.18776711184023 80.35170399893966
15.237344243548689 1.353405390806195
20.381534534853117 47.397722673747076
87.70723539590172 37.9331327172801
39.10137478427724 97.9560053526893
55.793042418270225 90.44842084344462
90.865080873105 25.714094001628528
21.61795981094522 0.8233842362541544
81.80313647088758 38.35896878981288
25.422125950918005 40.28354339997878
85.08315905076822 25.694811970106592
13.1968443644773 43.088473325388996
25.115232921558693 80.81340359828346
64.86094644366374 79.49643588578193
21.35635264896377 30.7073558052123
95.44020424660565 85.26852737411977
40.271618128924715 83.84783902143451
11.378724583997279 96.04351083368236
21.364760862493636 49.06576100903264
25.425381870435594 51.88457959958686
79.20130325852833 2.9176966455589315
20.803400124447435 46.37349532347913
64.23230711878217 9.412385158180436
83.79688911394092 68.31213436027949
76.61334032813679 29.548703212009553
7.28655398525746 91.82746169607354
45.691777455790614 62.46385363168911
26.37348795033576 14.161125497869175
66.20070895584091 50.577657610814
67.32801800062822 77.91487888384334
85.86761765149103 61.98011364449809
31.181773079043474 65.18367138607546
28.471492876558823 60.546253614069855
78.00012125196535 82.10526711672097
58.140382844285995 3.4807759463483245
4.385898337757366 69.47667277361158
31.02154724842656 28.110749035779136
30.87475019802367 63.592864517193995
20.890879568498278 76.91385738111988
10.61783655505396 67.30676975447248
98.57809270618624 36.53811827862565
61.98587511464454 63.355339483969416
48.9891963194205 87.31823466826718
96.84508342893785 63.09948345404184
69.71556470588482 37.80966976554176
82.10244796197414 88.96037793719631
63.27519462526491 10.662949214155415
3.016155965039602 86.48047081474942
88.09709220614789 93.20428449814405
44.383679687881425 12.134419519547812
7.504802262574806 62.263725329541394
56.457324989926605 47.31334444816454
26.58982997322139 87.21619943373624
73.09907931066661 90.71687038814092
81.5171411984241 87.41114388717632
44.47971929239242 91.7961307929008
24.05837719041859 23.180788521079144
91.63057059066756 41.36992333441509
