77
55.879030085425605 17.09869973276644
6.948716105956477 89.8521407903701
10.04812739535781 86.89228772244138
68.50855032652399 48.4330698123581
72.18577825371347 52.863537607329725
88.17301468799239 41.05247824346693
31.377861422605935 56.83097404692592
44.256410392317704 17.330350314120558
74.18857911711672 42.99309119627402
65.34564364361636 76.65336796161101
79.98541350216024 78.73441714620098
56.95133414718705 30.16163067097517
84.01059193862463 6.811524983797057
5.818727658390244 2.3383126760233686
63.17445543716491 68.15540022136655
6.195170915756365 44.69868116799254
96.86497249731187 44.172373310925416
75.28653857751544 8.802269674761053
57.97449156375764 48.8353756167527
85.82764144931086 47.85124229383504
64.20442324048972 37.97410073450612
70.81583698771371 67.61697462255582
69.61507555915543 62.152459510847955
37.4324876851643 74.15925218684097
55.07672464869876 36.88715119500596
30.360870984051726 41.21547022423795
51.63460279878982 85.7713447359074
47.004811532847526 37.51482347618005
1.1282888564046134 86.41139335857548
54.147241109660804 90.70126793409659
91.07484288478325 86.70724210881018
2.381564926315771 94.81819478887569
32.29541945410661 93.41224583892036
14.51703561497153 16.042924116210177
97.74020433157968 26.22118001784337
30.596883189125577 58.01945720248304
23.601446941037985 26.180778354179445
70.23269421213281 90.17352374408233
8.236002370091388 42.732608319980244
37.133240537125914 41.43417724067454
32.45273088777869 48.0534246387851
20.279619196411545 24.034450535394104
54.07465650843728 30.9379598273958
41.82328842859123 68.01577408279618
25.488678137789822 65.4897666400093
43.03099469199964 77.06874048323617
39.091307474222894 63.02771601408181
26.33600943699288 4.727265321888307
63.288370570742636 39.862455407836684
70.49714858146564 44.09711890377326
42.84482875352439 82.47538792913393
55.231178400050574 37.5489051793544
14.717149917822281 43.418185921637864
56.48457092175582 83.55551963250468
26.38442935262918 90.5241383456427
39.04260822191138 2.727727533915314
97.48114200721241 34.247341259400066
42.91434731334471 30.386031039432392
3.9748487644672648 78.0594564584535
61.90556442681777 88.87228476401619
49.06750632622303 2.2201533035260734
90.13781909803441 39.86964109621848
69.76993658007007 20.733359092884807
43.34234457660837 34.55024393621886
57.379145500618655 57.417187318309225
89.74879544279733 47.24818329769308
39.68030943317225 52.48946449163289
38.06289110184575 11.955626376218865
34.69714740232065 25.88059309185924
16.898879089076157 87.10679116087839
84.84144725696444 53.55935117289362
33.78838856261021 94.21759167063254
25.928617532450815 2.647592019576972
53.60059342997923 87.64485060207475
4.869026126289078 46.66309302888864
37.921801979768944 75.99157995842005
57.180753224435 50.165720038058446
