80
35.08894459166574 6.2772809617920196
27.561820151280457 36.591386209913104
1.405630397418356 59.26545148760526
27.125437833258324 83.14074314434227
39.390471822143084 46.84549749843049
95.56934372058026 93.37704756752633
96.59688439888168 47.720178383678636
99.5004837069215 72.57436844145214
65.573756366058 70.87126220094845
43.15076715757318 46.54761613817011
93.87018936706298 63.53304823905793
63.88451241743962 76.13664407770538
85.11476029438153 77.37767833820295
85.95564986673273 93.21860199508562
90.21615041236537 21.708792741622684
32.45749321607543 35.21697059871644
97.88634747572654 1.5930297389665782
52.072193658668674 4.18549932817599
22.03332651099249 90.72541102972754
26.88062599514762 11.96354402180918
86.94507407707258 24.245830978145435
17.71175045627469 87.12525486651339
8.43082120454406 68.75494706743086
87.83034162105864 98.76476223416645
36.1643228056036 91.6987824063032
71.89269655320813 20.908260277267743
30.788599573764618 32.91477119207351
20.32460669090187 25.450777932442612
44.5889809850515 70.20578648512773
58.78388620469471 75.27741513158799
79.12170967766748 57.23639207552529
92.73158004044265 96.31276825345995
15.161183625451468 34.28502521562269
65.53926525112192 92.94577889879245
56.217339649215134 24.65273519001604
9.232215947868372 59.95796572015147
60.81654550136233 47.010805177639135
54.01054661000613 47.28683319806688
3.1292526886023797 55.95052907568541
40.48229779057269 5.286764473838279
91.201145675326 62.794309649197075
79.46361791444065 12.467036931102736
11.034877372436691 85.6691597009329
7.001401591706047 54.192730177382764
91.66485623752511 96.9681217691779
79.0768581748436 90.63944628522444
86.85673745670573 26.426691707824425
5.333169976798535 18.118999792706614
82.16370323493496 94.53981284622581
51.9042431068298 99.99888871934772
25.962113547000975 97.82971384637057
75.50485888125883 8.066942668804488
14.029261951551298 42.087150028648864
85.31202743501707 70.2593598606825
20.48209591751623 68.27551909260296
15.127001970350296 1.9620145169934267
57.026706998787134 71.54085864618936
72.92620170440867 95.92087001641849
24.985013620595943 88.63110908854706
3.195001193296876 60.348782721308545
90.34781666640338 74.11573656675591
50.778213462418755 62.17409660061135
9.754805131668654 24.572822260001214
92.76304705285537 64.92295455783793
50.52522169124354 36.0424000851267
75.60289229260816 69.16660973246503
83.83000990798294 29.194419443945375
75.62950066897766 94.98571997887359
76.62193838272239 84.74572167214032
30.109024858247892 25.290205521347332
80.38341824352074 39.468615867525
90.89695727263457 93.31684907852485
12.583202761836798 82.03294098349731
57.32904247677304 43.03161713781367
53.215427411200245 62.92064485562141
95.77095409301903 97.52998621178016
3.5096638998189933 98.63368553907796
52.819517849322395 20.895614950244834
52.62832335252844 81.36227575509727
19.93482581892023 13.144769162781877
