72
95.52669128924316 93.60580789733412
85.37087613143117 87.71573624345069
87.92672828638943 59.440660221520226
8.493284333785 71.74487257437461
94.44358105445933 17.277053624384386
80.35240871873377 57.12398437289685
52.94532701452034 84.86903995434396
50.80257337562421 62.793873769208865
48.46818833524329 31.41054723250427
29.08914661080949 86.23400073621146
58.16536559133976 9.195268326140882
9.008630104453186 14.233757765501975
99.9324852402295 24.19915837780653
80.90073583071651 24.702688952760997
83.14078127999547 71.697837606284
98.55213801386256 56.08623454675355
97.41227266462211 53.124801310613
54.959020324603934 59.63733654956158
40.96334278454249 7.500031699590581
86.95534578049711 84.20248190484052
71.34484681361283 12.747624625527731
55.47731222544855 9.665400317152661
35.536521481154196 58.87735890960861
59.43216601548325 53.58649319772956
30.714676028160383 96.26771074173756
17.76002359197798 74.68539324778742
23.003804020087827 80.94149020317178
16.938375667980488 43.00930979687367
76.8236782469556 45.33974385151094
89.70068619034868 63.069938483547894
95.4514310837793 57.677351431569015
4.810284443093948 31.255640280031894
51.35208619833084 62.53594457168376
96.02213696518581 13.658297367218752
25.13701876206669 6.947871462205568
81.16234993250775 15.117453876488106
74.742497532394 93.64637104875133
24.26919080318267 96.04854386818266
22.21917929123216 57.94961403137992
50.753247900081924 13.584921489548396
51.306950213466216 2.178587983645819
20.83999809035555 17.58003305179975
18.996613069595025 75.7078548345449
87.11411523965037 54.25180436766948
24.70959479687704 62.10322837174651
19.407154301737084 49.20721546235784
65.77382430110073 32.87150145837603
75.50351935841847 33.43603958498106
33.72253869522801 13.770651222491438
2.7237511193014763 86.10989767660102
92.17037660969308 71.30330680523751
94.61581941689823 82.2074498278906
91.46382579019861 55.88869735044637
9.501395794584466 9.31430890644882
32.78063285707146 63.06069060759564
48.05077135493482 73.01370649143203
97.28139798409917 54.46468902796315
66.41034903112069 41.32772554984504
12.472936553774073 56.72648838091163
31.924998968629126 0.7676677493826167
21.820453851323474 17.559527680811115
28.39860259079855 53.43473722874691
44.60744265937727 11.725886466640967
27.589210639990704 16.59150270855374
60.39283327249293 59.58622968088997
11.237716696841126 19.501841437604828
46.56620125676905 11.289083966738833
67.79167085015014 42.00355916267331
77.15500233576343 99.19559745560946
28.890523728754612 34.03789760499145
38.39740309190558 82.87435352327235
71.30668563750477 94.42364562712362
