81
41.48422117415777 12.507480226932955
50.036888378111534 62.885498425778295
82.26130663243752 52.81692106650034
23.3115905929411 18.84873755033436
83.57880946241816 25.22739969524673
54.06692588808307 17.04045845266997
62.94530621937216 44.74952621665948
91.3850462743625 82.55548702064893
83.69502878013684 6.963286346992803
26.29106464093156 35.262623818827464
31.77807217053522 39.48106621666836
83.3681950959619 95.78525696430793
63.19354421341353 65.4542261084002
97.69690717771363 68.81664792409701
34.84198624157583 31.87136831793763
78.46320100385607 16.865643543449625
0.5490811162702114 46.66776043235831
25.425332050868686 50.168867545088546
33.45189949621804 85.87052893080521
19.15675904057802 13.786980906371404
38.79402186587376 84.35403086172138
57.294949071402954 15.825283750035934
32.67201951202071 14.236311904305698
82.53385274369684 1.5621094326540796
84.13266799872294 14.476767576006178
44.68636005164374 19.926931053055398
2.752432217703815 38.98137338205125
32.74121279346638 73.06054077968938
19.643767476315766 74.30385026973066
53.611257839829065 37.95376510954169
49.89209111183348 26.310927235587933
76.05106685972174 59.79703749250028
42.86676903853657 82.75580566379799
18.88241678628009 15.873262867301607
86.8670384535487 88.41803448923308
80.59761026878523 52.71896742922091
5.545512528297425 25.918582628674024
93.77381280108132 5.05016575696412
19.659242789169962 4.061359741669679
40.38881860110423 67.56849757880268
11.235187102108323 87.98356047261923
45.28172114616742 44.75408349446125
30.096494732262315 4.613781419062358
49.48857747023616 14.676824161733437
54.4943129394981 53.314207382964895
95.53208384564572 89.12565000037375
22.544106459146164 99.06799781988931
0.7915848109758206 60.03644997397867
5.423881146419818 58.86292925588346
4.094089430052672 17.35597418948791
23.124173864878582 38.93212517059258
97.59904711454381 11.246138939352567
81.44755647310772 71.29537692000152
88.22590194607648 33.867481274994226
26.238108922892465 81.2881294259637
70.75137590435928 51.02139870667736
75.6866173501493 41.659699337670574
3.8587383845029355 53.43737566676442
60.13960956196072 13.723867292788427
74.77672831285469 54.510415054974615
39.77837624562933 44.17235980600091
48.5230247881834 90.49814852170012
82.30579641546188 90.09244292588585
21.58640721918299 33.168692054268
54.82313244971691 49.545727865264496
6.239897244498815 99.9227957972159
21.146451492446737 94.60930685481277
43.75926814409345 90.51968374117982
43.91262689449411 19.731997085748056
66.56732914370048 49.686641321366665
23.673264813937077 91.76326724561955
14.851184384976113 5.670754312436522
63.80826182072258 68.31628738592734
28.244069443369657 65.10161615755787
40.759115279181856 80.95201701843617
90.14562088367536 87.55258556276037
39.45257248813706 86.36917868093268
41.52172519362915 24.121185546803247
25.373919100432385 4.566623839983441
72.15687895981011 62.562584585808764
10.394401222122863 39.0064474544132
