75
23.36887025420812 50.82097000990377
92.42958596349696 48.56058128812548
15.368043481346394 71.78411254257344
70.47121468111298 93.795786331247
75.12278702151814 22.500146660966468
82.02538104725745 93.57547105993163
61.00338211479195 14.266643854445915
7.227821144284041 94.22666363155594
85.32402557173722 59.215535072871994
72.67144701336164 55.9903516831612
41.837304257216154 69.80628547703542
89.25907778185162 45.694591081503944
6.092811156350986 95.39269249057841
35.77329770089225 4.37426312221697
42.874895060401755 62.48956776064194
95.52746007046159 36.661964078058794
99.80275459427398 39.435969889164
83.33634398437145 43.34669944532119
43.47432307082415 72.52681959554225
39.902833509042445 8.165541428295843
52.04882406610538 75.13336584081422
11.993678005472075 6.671597882834801
73.84788037698075 24.66280687971949
83.4161306449472 80.63209895065307
28.01881706857552 12.655025935387687
57.884540105644575 47.69564135522539
45.47525214962456 73.06900341454545
37.902433694551696 10.378073499185824
72.42290992315856 82.72256074180976
37.693462904095654 42.9206184649206
83.4483756704498 39.30100474014605
16.095010847143566 46.418462785896985
77.71973336259795 10.526495320088047
87.60517706086314 25.748187365692676
86.65056461096302 99.92224521125411
93.87520989737321 13.113381891887531
62.23695241354592 99.8028441696752
89.56101884844713 9.587519889334729
15.976129117745774 64.80687881422855
37.30673049713823 45.74940651674041
46.26240706385677 68.99019253128262
3.370640754481702 73.5100740429836
10.802387578038486 34.19638468331979
43.30670819292204 15.464964821918304
91.70918786728788 68.61485755182034
62.15899685289739 42.78885681230891
87.48076583592223 76.10878506274015
64.38375119148985 44.492971013121185
94.75103961624457 12.151038448626794
77.03325034843037 4.837763652124927
42.52047192191193 57.62313527520605
2.6810457210724947 88.16574271221569
10.777682758539143 8.086926033139473
99.90140182927256 14.614341589585544
91.0893292643397 8.591520736663782
30.428366956350207 61.074782786283876
38.18912454135906 63.39490877174282
30.649060423555575 94.64181472859318
77.6857774468291 61.2524219558042
51.78032637776418 86.73571688509625
41.427081314423134 20.608461590261285
80.07340294005442 97.49164380683243
99.35865261380384 61.73556548522943
24.98277369515266 96.40949587275033
58.31629925892692 47.05637773246178
85.81175979563884 51.151046664062086
23.071791661390616 32.58632752976056
17.392633548895308 2.977045460493033
24.621675303300727 28.03912268316513
58.54831266901821 26.59119320872252
74.2957981729502 13.909821768312902
33.95198936821073 48.93946367908663
36.39655691849399 24.49194853697515
77.87254579370581 16.41474966025378
98.9225067083812 22.713823189828275
