90
4.1862434896555385 35.412491439066606
42.94745466452884 13.970625267149494
37.73413645147252 41.906678917943616
26.696392436131056 89.18415825292433
89.35140863008752 57.22629840069775
40.12185894849253 32.47455863704622
6.8591504276155675 8.975425354905264
23.513250820182417 71.80082703554245
82.3925818569883 38.92002558059898
60.50177005863391 93.19683820025689
51.20898098235972 57.92854918050239
54.899681406253585 36.8073385630978
74.47546128728682 99.70491321944743
99.79305506438287 27.85445589066451
2.2727083540583393 29.33428733994893
75.95446911986585 8.65846646742443
37.168137024719925 82.77935504170372
14.929810138657851 23.734889500536305
24.02120704616616 7.368612852979661
68.79246253012442 85.79069406641288
75.62271973385101 62.33577099228571
91.67422451736098 95.65261994088931
44.550654005848344 79.94211192705716
45.07757441281382 56.725599384800574
20.510305913779504 42.63831033484371
20.170136966237216 48.32281957262089
11.709551144649167 4.109548809321806
75.81280971655693 42.21555141780604
42.668535926415394 38.57283422856451
32.42873454599514 48.51416776995292
69.28060500498592 98.18668302890534
46.239911562859916 15.075013512064606
21.914609413856702 22.139561785281515
21.21320177278624 97.90512666906719
82.32592782861481 78.65569348536154
52.04288173170395 6.003692577938347
82.11432890960172 37.71603407032343
73.3495444845187 64.35881390945136
37.8699404200198 97.01508283666344
47.14434209019759 91.87259331150281
45.01519699422262 27.68104710559789
73.91682763646062 0.3739533888127866
89.92421916248381 14.037372253519232
48.5030705209981 93.68519861994452
89.33880682163677 82.040484092321
97.58898849124292 33.84877650451386
73.23181154692048 49.89150897468843
26.467167282745706 54.84848121721344
97.79022786415857 93.42936475587516
25.146770275747322 45.56337737896751
34.300447756653796 5.1079612983814915
70.66161932263016 49.312873909383626
44.349956946901 8.177327004990897
20.145816479033087 6.352529361230019
10.894837969453908 27.40648721295208
77.78581807731213 37.739046560369985
20.085328907640665 93.74602460349327
48.51571317160146 81.46503397653744
35.662226558729415 42.442095795761844
94.65741693199725 22.171189669936908
47.10346652024464 4.641305678180785
51.92007121297123 55.342992865045595
31.34283504343982 90.09024093912916
2.1849565205360078 74.38603473591677
39.00912301436881 41.67741521489319
83.31130141428686 62.1115441708911
43.11924039729473 8.209556273090024
78.88808999064057 17.481637879229282
92.1721634061132 40.97853868782709
90.78864325805726 16.37666786057962
60.89359000565211 12.870404044743966
61.13537443022543 16.52774509498397
1.2343326777594865 8.256703007666
85.6948116933248 65.7762198295427
58.36852272572801 59.302133383856656
69.47453659216906 86.27893526598463
14.674084365632822 44.01787431370363
8.277297637558556 54.59998994526393
65.8869806158766 6.255244353184775
31.352553403977623 78.3871428840542
32.625441083808894 28.24586971822639
23.224063918762916 38.68531170062225
47.77384975997981 25.64190693036281
88.77415501417639 59.896537172927545
73.20682023004693 56.692161315218
3.1888252423332153 41.92091906053067
62.15243588180792 12.068423791743587
46.99592779270938 61.91686950772296
90.73266321618851 99.10180410006568
80.17580809379932 60.36999106615573
