89
32.3192421033647 69.3785001219696
12.93330821928399 29.284983948442978
96.81830844970123 62.75831202262441
56.903830723345784 61.180181031959656
44.05184241094929 92.88346086550463
96.44797290842666 78.95246682451656
68.60733441116278 19.68578570589815
55.1593239346567 74.54717988703379
31.45728944886692 4.854369455388364
64.1106532951604 74.7002522261446
29.875938982640328 20.75500024460434
33.683264484874265 33.73006565020881
17.855643033387203 38.37428515891539
78.57610617188206 58.880399081228255
33.2426322965779 30.79521549618186
29.651421886531015 97.43845591873324
67.92346399802614 11.995846308009705
77.98607013020035 41.22000048954072
90.21829186581469 5.437071007969885
83.3644203712091 13.465720783791312
59.38012995603871 50.882630777979486
91.63265062838073 82.19817807179054
99.44596313817044 21.77892003110583
92.94481264597337 41.834789773736304
84.91465612999728 42.352161025581715
90.22096716995866 67.73479724856702
59.91588848119529 70.24426793580275
28.008046289160937 25.644105096163237
39.7802224466582 27.596771687599762
10.064319146979383 82.49673460452071
73.17018294759549 53.09782544388669
91.73590234027297 66.32112305814246
61.72959055043362 86.52793057743438
65.13398668520568 30.65584102123402
45.75234694976329 85.11481909985433
39.61801518498873 40.439871505390855
10.030923775308676 31.484320077209638
47.8043511944678 34.23606702585009
65.78977556800778 60.55089441692256
22.07933745272389 30.940525008331054
67.05858606663628 37.38355479103442
19.82875741912681 2.6199112597049323
26.24099243689325 61.677751323619546
25.88331782589447 6.800764029556905
38.69533530644318 14.88721643045572
59.69365161313448 51.21847647372248
82.6966614367825 83.35281736139102
50.250729166304374 0.760090373493516
36.87733613497104 84.3645033910108
48.780779730869654 56.195109978971935
91.49192552802057 15.25941483790505
44.554450630976895 91.32904357190027
4.904257713442972 32.36888448013984
26.391661946320845 90.38334201577877
19.744196727713547 44.210382247991376
7.292866087556204 51.06393215820913
7.938636613145034 89.57615740280247
78.20338922747567 14.648592577441743
75.42365305962936 71.3928410384026
90.32532892222424 63.29571263517247
38.258846756613515 94.96677099705522
1.7482215330114403 76.96249406664738
71.94375965870108 7.185955519955767
56.31339587878734 96.78413437084693
54.12701550106887 48.41702523362274
81.79052507644495 12.44937940040679
0.8326094585778376 66.16688123636773
91.39852809520228 29.137936415614153
23.02162487758791 87.59729074674172
90.10555848313683 29.649663194568067
80.2758556965017 10.932347434522182
5.975376855351932 95.34007500243553
69.76196432133302 39.67154998508394
11.78438998981668 67.32259118027964
21.55793082124189 9.532120368718545
76.83594548316633 36.05161859126961
67.89196364667069 2.776959857035566
25.071880937587345 81.12746656175092
47.655799914565364 6.612528393001938
6.288154543669711 91.54642822110148
58.81965724491904 17.898631054491364
24.55705857447764 87.26105273862673
67.16502295011216 48.67339792875632
36.69575374699265 73.61327614480892
47.878160571589326 9.785727660890597
76.8996909501586 70.48523170893284
93.44380341308336 50.690596438165905
94.52065860116927 29.783855734832322
98.61740233345374 74.8391269554676
