82
23.03240111857372 30.552552727582928
97.85919052984397 79.84219703010311
29.728517820614165 85.160581629154
55.33705020809142 79.99123252250122
38.83111205153442 12.790210574543092
79.69576807924763 49.81842060558469
94.9234378160011 25.241211589196688
0.8415023203472427 67.80779218831691
82.19012623603058 8.40277830162286
66.3541475931985 40.9276979349666
67.38803363333759 0.26293060915943967
89.49085500922114 26.76602866142478
22.49270986985107 50.3185426523315
13.524554078008356 14.49851239169252
96.74771827470371 11.510063135066007
75.26367985260181 77.5892156319923
6.775077320529688 53.283594910254116
81.85171982833162 11.706794406711762
48.533735597182734 42.42767071395905
2.9481409822364912 41.57017806429199
89.80705260844171 44.54061609589828
96.15525916329565 29.27240582287718
43.390887269631165 52.20959518248522
53.67670386354521 45.73262903496808
98.45557044297593 12.9872610627068
73.67916330431146 37.61979235546127
30.665570854519654 84.37086481917396
13.958910330013152 16.958797868458998
16.981355421184585 94.25378615794186
12.046890701096002 28.54164817673602
41.26403637246069 84.73543356034658
22.17258855944285 77.21873308577257
94.45247182890299 58.099926424015514
26.336899829883688 49.69898045078177
9.057805113666573 19.247515863379327
94.874704084085 15.841725429759013
47.24834972550984 73.0508110401867
11.314035560208291 88.46310892706717
97.27457454685798 61.34131111324878
79.11264075208072 3.5931267985185533
14.73946752941525 17.31230403134908
43.51333732371858 45.90370377040885
52.78793400963211 56.887379657782645
60.83722380459672 89.89773097129141
3.134011635539291 28.089116549022563
96.05857652659897 49.06502685411584
80.15355476609274 66.64839128270276
28.3141207568148 16.548945269708536
2.1765162624489243 92.03829487367454
12.618596704120833 84.87155026368843
67.65930659839101 6.7129880255616285
31.659863708085968 6.104663360699957
85.77894864810749 79.5343018345837
15.292845867082894 18.769562745230072
59.35618154702953 44.708270174269835
65.6350956433257 94.95044249153909
90.12196713350475 17.806833186714034
84.45594936984136 66.51752584823777
36.79392836239449 51.631582638304984
63.4813980018558 26.69206167881919
40.774997587712036 88.07047781771456
93.43205195481758 4.140922262365021
84.9060731702184 29.948493353481332
10.292756228290678 2.145629270583449
70.66609470653727 29.524557806782237
0.8700014098317665 12.249041734069099
26.795184477877832 44.18417467947552
54.33960481156394 42.453138911088054
96.24685693383975 76.64122788152177
59.608380379280746 87.16074498849622
5.171457133203838 65.93443461732498
6.502430494617373 56.48930516286181
19.764866775468924 57.2565145038176
68.3587312214404 24.78026045754971
26.392499013471205 17.353614818432572
14.386335011261675 85.76794481251575
39.38021076566683 88.10528561223435
97.88320073352317 65.73612385596175
28.303027809771073 67.94462825194562
70.04753336345662 55.52822838657486
71.16804394581264 28.60975451786053
57.742004754881 14.745542559303626
