94
73.8827708563167 62.79110324372391
42.4968020579742 77.09801956946565
66.9362235090753 94.22912204602771
93.67512042488313 64.01384866738857
94.81779877867395 24.56250393755155
88.60350679976126 66.02793129583056
88.15942095769145 42.74944782014054
64.16655125009785 78.77077633886248
5.980549415015957 38.21129450571106
17.959093574000907 76.15663329317519
28.582050778294843 81.0061851941853
97.64443555547012 99.25586849155539
73.53797362727977 9.910137929051754
88.6816783686703 48.12554319930321
45.66894597389031 28.190216911740706
37.080714984661064 26.31669762470148
87.42731321838151 33.86036506582031
27.966418029079087 86.42165241960323
7.3222961523923935 10.069345583479683
50.514412009792444 48.09416007559373
91.10623612860475 87.78776216202536
45.267960259141205 68.00094303057149
58.53801505410795 13.857990743090731
92.33316509618007 14.74629866443059
6.788834940511334 39.1994850318291
21.912818404684376 25.18708437043715
64.66680791607017 20.05658731877542
18.100720948868076 26.043775300621864
92.71951262047634 23.910025527544555
29.38913868886899 45.520190427584126
30.073813687003593 12.740279195059179
87.44670452456508 79.26927338336083
19.814939781552344 45.96468801539337
39.308254580239954 45.59371780823758
38.774426673621896 99.77989337205567
43.40850774518644 2.834755775177944
79.46486710028697 8.215871227836601
80.34628846256999 32.657994495759766
33.73059881201505 62.71795750315394
82.12065551290812 39.14278706318045
38.10953079541633 17.909066013090413
81.06490214689205 67.00829029978274
15.198499869381198 56.89341397561817
59.67811550740776 81.36134418469206
29.511249787280892 35.46973238766348
14.519278203851528 18.242467076653192
30.66212044828509 30.859369655117174
45.87046437008884 35.88439604602949
62.68852722236539 4.558170405301021
98.66074901023565 66.06612342904829
3.6738623365370815 97.23522197983924
37.26568290113803 4.4243956020268875
6.336456868577511 14.980590679211648
85.55957605276791 95.06522095916327
52.87075543108 10.352786208991649
80.24678846013691 49.14711057232457
33.86036307807713 91.56618752964599
98.1911806636375 73.3340081425923
95.67544569590805 31.098329324132536
6.886394998771273 90.62528861843505
32.246328080129835 55.48097741312659
9.864136097709785 2.2957424481248268
51.60789738871735 71.71653124198609
15.587643709707066 91.67279897924719
57.70636594896058 68.31800247351862
83.64009750736716 61.72691798281823
52.20626056932238 84.7790523407629
23.688752576190296 14.452944255595678
98.589878828153 61.46711695394463
97.51902760282701 42.11257720106028
19.641519338696824 5.722514705490822
7.116077769886653 4.607638258692104
83.34875924313961 62.17020113468905
15.03301884728433 61.38774359550534
78.32699714700604 27.098615830608953
45.54743138048379 57.84043681356283
4.600920482370863 40.1745220490888
45.112079717506624 14.461931094339665
37.03365555819882 56.58824633586461
82.73462000683533 3.4922660729912014
63.640182697508784 95.67512530523524
44.48810212742262 45.60789959182736
3.147629815223696 69.71822903928911
90.77348313056046 8.093612596455003
59.98096641620049 32.52441204198858
85.58322633190552 96.27148729065334
81.52670416764416 82.23139362310019
36.18499341268871 71.34161265620767
98.29794594802875 31.98193782459843
59.3990818282868 81.792346707245
32.7864399139772 76.99383756080192
33.49362125218386 21.550275238557248
24.700651427439247 70.2183493035479
60.85952191609153 13.026649624557052
