101
5.833415763077476 35.364419249608744
76.93171086311146 85.0197846384167
34.521891978119776 31.90375059978293
74.19391546260977 65.36876649897857
27.148846585612507 87.9438332126399
63.02990200316033 70.16427901038192
11.353528514600264 6.8895339330764855
27.98588498166128 16.39808442032874
8.787918502964477 80.88500273224956
93.43035706633141 71.02223360231763
5.766195432486687 61.98149634304103
96.28391124700879 87.18923567474779
29.089753510992754 63.1027466428761
6.930014666307516 73.80672797770791
85.9679175981323 90.02889969174902
44.78614586881242 65.21464536145824
7.723460248017977 68.2115949885992
18.12416192770625 87.51784194387123
92.79026307396747 9.333856359012838
32.00756965088563 89.4845328158509
9.158533923721034 31.980040011334854
75.69484239123379 51.418333035980815
47.220951477228866 10.776804355708613
26.585191817958954 11.252802153741037
43.333920867059206 42.79349997677119
92.9317871175891 71.575314230272
25.355166764998195 33.122384965288134
6.15504197110689 34.68905277874784
45.66366492649223 88.03415057096866
39.093916410522425 56.44001060537387
32.918419358314544 5.658947475376975
11.809163056501959 70.36457261160767
10.66082574224103 10.877598730184324
56.26291332339258 20.05208685885327
99.60842089779246 85.23354672998964
97.91639234104194 23.950475632539526
97.4988447293914 69.56713775154965
55.106569111526646 60.74935384175397
57.55056434454644 9.869400854867472
40.833255365283115 30.847476066902992
16.182582113162415 13.734660367435925
20.51841519603659 52.60965421751466
4.63682448589643 99.67333207175001
87.25136861623339 86.92935260477891
79.15287141112381 45.36581484987643
14.52357697100599 5.18751249321342
18.8371270568931 62.101612574356224
26.80432033243596 8.173642627515342
20.926986697185168 66.72279566963041
20.944406098857783 84.6494342210674
28.739273739253957 72.86196488889132
54.59096142759312 13.987877065940923
8.667433429071703 28.594049151082768
13.720130849079904 12.526170264316905
75.16109428539272 24.47609429941795
50.99181677069314 77.7688137102469
58.8098702402702 33.093618685571194
30.152507894573553 84.48009324804102
77.99817076432109 29.642980669130793
40.07612263308024 28.67810079842824
8.969703146250986 4.635166157488024
65.26347435529203 86.24178152808214
15.302481808231583 53.504597292603194
84.7350656371263 67.43809321281064
16.026614353371315 78.28896918470154
2.8586759429578334 11.43131864640633
7.251653097045296 39.85118806525957
43.821368061853505 44.09518318574669
2.23889936852838 49.54966029096719
94.17870939703879 95.46802098693193
44.83067294421017 23.28777825082543
29.806871215078836 42.88722374829197
88.40775834956735 54.66085513164959
31.167369283490675 83.28998747800443
20.633711383585172 83.16694098588596
52.84761893915321 90.20768953028274
31.765503365763447 8.068196416391682
76.88655437067527 28.630552782996176
98.28888331086532 41.40401888766362
61.70095899798217 31.628099907758124
97.38733760517552 59.54908746975304
48.04429738503499 32.987947739277644
96.6466085365005 0.11339884058332306
51.36971741978036 96.40633739833285
33.43864637087627 38.71018270702744
46.5913863658564 11.571932621818304
70.46595913926723 68.11619014390604
57.883623451602496 66.57533078581721
35.488165708940855 29.82280910964198
91.1984472663251 79.04248542448425
55.830430519125606 77.15953388725526
23.824914652403628 12.505580455197318
49.947074178906206 78.31009176564072
37.26182480327389 31.4853948976644
58.43034297497779 0.07829352307314741
99.01347949676985 76.48512216411983
37.42844075830075 23.03117236292065
14.417017818972644 6.45242057663925
57.57848489875518 33.067383893652845
14.67713507529097 71.61169600886917
52.186942819596894 76.24889193226765
