100
72.53038323667184 7.304444380262987
59.49051109959315 1.7140758113877275
39.64877444726278 12.14920187137517
20.11103503698091 96.8581641747033
16.104761168131876 65.97406761600871
94.5417742857796 86.94729119094929
99.81367378193605 44.20806847622034
10.44971454919531 85.86499504597272
5.442503445986446 85.34665387261069
48.408415425446705 36.21205048480295
94.94089914357258 75.34778463497544
21.2612551980054 52.99499343453466
88.58574890739266 94.89273640278533
57.339124949494924 35.80295974513815
26.675509019597577 33.93935103213367
64.71961766745909 50.69766485876901
47.4289168006287 8.695547607867848
54.18322532925487 59.9501247847415
63.7972205252977 91.96020543292855
69.3232399395547 9.385962333237485
2.0632021909724907 45.5944158517803
51.747367619666065 14.40294468079706
63.824881724111926 53.30695447188734
69.93979423708723 64.07771529595348
10.495216984648792 34.31223261212355
44.48980760705135 22.956152744754775
6.759180598040071 92.37869966805778
80.50004375726024 23.28266167358244
85.30261613806863 62.55890463278083
42.882436414789815 58.261724675649894
40.237091312123276 51.26661755929855
85.0026422123452 76.35455665531332
28.940750957574668 19.63756597055507
5.8350886416492775 23.51601700180712
92.3186226058494 21.356509015368975
96.91267363905696 84.38642074636796
85.92100556397575 96.51531920960434
86.12708604534546 98.73647786554514
98.06863725937373 8.94943437940523
84.01760275238567 23.52033058266818
39.647957042508054 49.019835159283545
77.67934760941374 36.17002773303336
68.82005742009206 65.62009386687348
13.765326192940963 52.46239987443939
98.73674995876706 79.53518978011715
40.727893536925954 14.745534893995716
82.52331515015815 95.18732928639191
17.369941736045902 93.97935892818334
8.778017627615032 89.45922212807179
12.634709913479913 76.00663597066212
17.286663957928027 42.688629863198045
43.96774284779787 71.74310074704319
49.732320058496946 34.579264064700865
3.554669686748868 67.48078880435193
86.35768978804496 79.33914315957789
10.043677344229774 26.507730384682105
94.58531637639958 34.50651328254328
53.457225081425484 68.75732533634164
93.55990732361434 97.63380480957744
21.57363431717838 74.54822857062976
0.3246834316692371 5.639239645382855
23.80903536889132 76.1781466936974
41.622707761725074 43.21328960919776
77.64256724793997 95.33033646274043
50.703000999697956 51.833123122116746
40.707558895601395 57.775128388512144
15.264036731468632 13.491957743415373
24.685272560165494 37.37469285021325
63.462654095820895 63.628061995044845
78.0034610923319 48.419819912821914
76.11112861791416 84.48893867661792
42.33124087105696 72.23395283020861
16.59514059524 91.3615191167825
56.348337332725116 56.57091872969763
95.37783811771 25.154305111366646
81.7462959496165 54.60490150570965
7.186241968727558 19.592317873677956
21.609089527332024 8.307460719230008
7.088005454141544 52.30437772280033
2.4580084821649084 83.41836028827248
97.47449495720244 26.45742718370666
14.65276279443789 27.78425046110583
47.54556745730167 40.09479260693327
37.491685103082496 12.008926282452325
35.306997274048314 2.115064806177669
12.043001536005182 33.48829131044161
36.273373936758446 97.08011191412858
40.29932464848608 13.34838370379503
9.147580414401101 94.34150277979305
57.9982347819103 46.10033630843484
74.88444483210048 7.922480276575039
57.975923632624024 39.038110025406404
3.9708609712483023 18.8988401130593
41.973374000408526 78.70987552043829
83.95495042902867 21.20299445915367
38.6438258936237 90.19917378247263
44.74523924233933 11.503732100477059
28.065132298135996 73.67429703253708
67.93338810363095 81.04241318458955
85.10692563033803 52.14491339465104
