98
50.619195819356044 25.836522392712357
41.48906934025626 60.75733625512035
67.9256518310284 86.5860065808619
1.180727164881079 76.14599725181819
76.21039203909133 42.06733210006854
26.376197683106096 73.83728944854498
56.74722710276523 59.89379848447478
92.1578481120636 12.596205314461528
89.89179003452504 60.025980840007385
39.09096330882813 43.01678814082573
74.7477085386184 65.75504105862089
99.15821619843832 10.774370672554657
35.2915376670205 54.4802610732887
44.303124292176335 0.8275080404824053
37.60985312798994 99.5992893714597
28.649153928896144 80.0176286201846
52.715263085077666 77.72284424502318
49.348726048531255 58.41714977630721
18.03513159703395 72.0607984418743
16.572385698412052 69.97152756724452
71.0480941861066 59.74302055663967
4.016480024330993 0.353775064997941
39.05896244323861 11.900709818379562
41.11576006477574 78.33695842741079
17.80756950861313 6.144209591378768
36.263262095963675 94.09185789013958
59.9490774947649 58.67002113576484
58.70768726994721 76.81053379173525
9.005322993981391 4.1486619956409125
97.19057928893395 61.887952108455565
31.387442049682146 39.14296597096024
37.56365317742163 91.72142740817118
53.55416118345957 70.31917808623678
56.54708908995579 88.81727229310175
20.45016355958079 54.40292365406687
52.898762269613385 19.79495421047155
72.03820634557474 32.77750583427718
17.185587768457722 96.18556274333223
16.079873603037388 24.611179731801926
77.59451632866529 79.1355207212434
7.909967059200495 81.05708996012872
42.707416757516725 67.28747450754055
35.14145632028036 5.980263722367085
57.2208403301038 61.29022673692401
30.420890558588976 55.388890124735546
41.6542338871152 67.06488128060334
4.166608122319582 2.995922861893874
0.9463746354108404 29.799911707899174
93.32732869021265 9.555223969804583
87.17584693344965 3.7433702306665095
94.8852188892877 99.45891093859738
42.4388808920052 75.51829947048361
75.3287439395896 38.07421427794054
28.434007804856478 47.21590893270765
75.64694195886209 56.1286092768035
79.06681951462913 35.9382441550065
51.206903199005616 96.95049765283522
59.58121542508395 99.39972041074527
80.75748923612092 15.474110792861683
80.98364510635369 77.00627600013965
2.1789986074733037 36.933547525552335
39.20563540577082 84.34054300038747
62.00838797663947 49.45008263385206
95.91679224942824 21.66302419752032
76.85562161334356 51.04718548943469
83.82364406157538 92.12272076332933
53.277805984326164 22.617815773497107
36.78119587623446 3.35741199312789
45.16288659013329 87.04036295588723
40.49003807670135 61.314394391309115
16.433109454774264 42.71391815230784
11.638414195541735 92.8356569767661
62.97794051003777 42.88552105889555
91.16740693575652 3.7306061220101716
80.10482559874335 21.694050066386804
9.426159532701096 73.44630259720594
12.904645963912131 56.94647602409917
33.589605436509764 29.433163515672668
11.950908275443162 99.73765446164636
5.6243918108707325 36.892233547506784
42.243047346557184 60.27167219189001
82.09253456298323 5.851982541326606
55.97468354576455 61.84953495034704
98.98981999861411 10.76047365944629
78.03811080229535 25.21318219705474
17.128007870831695 5.795846363064882
69.08187166849487 69.86683601185571
0.19202391464322455 74.23376428638801
68.85072208418487 67.97371852737578
83.89345682992948 47.431080902450006
78.48389261157092 61.032760346220435
93.16954435213815 24.93432657050191
41.56402230783811 42.849639353161805
88.17539528594266 57.027291044842634
79.73330148720451 31.408036074586786
98.91059031983677 0.862302566337847
72.23636749909717 63.088106058355784
40.11683945018082 49.69825408360285
