96
10.118974821114545 76.58406162384273
27.914570337219345 44.22641760773236
8.914252902174303 34.257493128006665
13.917042941816849 82.8560889474394
44.54332796649948 7.761722079773536
28.87005660710914 63.512423152491216
39.46519311907516 55.56189414904777
97.83011278879722 7.109809905570097
7.865638220783477 49.309753182202265
99.11453394418295 34.867295725973335
72.11949963747296 0.8145193958883801
87.229386478394 85.50145495681873
88.9668400899608 80.92446565703966
53.07086358253549 44.450374976464424
11.858593861586197 6.283043552964096
2.667077457350331 38.79374963996858
3.9747306968653473 7.540856508102989
77.93732327363905 3.9790739789035467
34.88343769722416 8.385386691571917
72.6011739647124 83.603585256339
84.1829351606643 45.5176299151893
83.11882950755064 21.12882334479447
54.58793299174335 52.67686000866555
92.50652561022822 60.39283359801588
56.3689292551574 23.96711510283731
52.58824901443121 63.21908163937242
2.15982197657848 56.48370991074603
21.23600830260173 63.303476997361194
41.94385124629076 7.885345629437223
4.6491184027235395 54.159780808987946
81.12099972355414 35.67464230858697
30.968989775293963 21.722223316497857
18.5393796130518 91.49087704173989
49.30482013522292 31.6918340717823
59.50043432725951 20.468315233677593
8.363817538479845 30.018486801999067
73.01238842624834 61.77707618930077
88.59745722227615 4.936147562483195
44.14566121735155 92.3431371341317
8.7075575357069 31.426458014682524
2.689548569134126 25.50395050673182
4.202235056411652 46.52376401894395
64.68273630442818 76.34902628499101
79.85540956012608 84.06687950607558
41.23092195317922 27.825682060212465
15.117016205869794 8.73960378909775
11.885143284854504 68.5162923972464
76.21092455446004 77.95601301774583
36.07090747489718 24.401055899725467
15.563952813334636 7.02770638135537
41.06310892407797 35.02812546748545
57.523564664875025 8.982785812094873
43.306308220866285 98.9079686055058
1.1121186876872358 75.70279112419831
92.7602030813777 49.85970354219077
58.43555180432271 63.759956392124295
14.151615235033288 95.47028515121946
90.53915182154324 0.804702026640669
31.197360807208728 97.36716416921325
35.13586714896969 18.48335406326016
83.57677718147957 96.36981037988426
48.15455375870232 53.281754603312606
42.978880623089665 62.3843386523987
91.25285510178273 56.94468034319661
35.58794126763536 70.13094696824186
6.230801983373324 89.35917948126436
8.954515482319703 19.2383411038763
76.365382283455 33.94821729169237
82.97070715449082 93.1397425415249
20.664949163661795 25.918783367205588
2.4032754712755455 72.96055330510205
75.16559604101681 22.071924751489867
55.007011181523026 17.352897261382072
52.1243261647377 55.499959081609404
74.53771054667311 12.759023961702798
67.61240144344666 43.59849595234393
5.276534972092673 8.807137981997737
60.98111025865168 43.24231358099756
45.36173403770971 77.15806153352656
62.68284169539227 23.80215785254275
27.01777937187867 11.017854831027329
74.71844555497196 83.33119180079336
51.38753166887624 44.0113324636303
16.878435484979725 14.980463932180864
30.439135803974516 1.9774416156412067
66.61962455995024 48.09729658516695
40.50854793091905 94.99167728215919
90.73399242187173 67.8227539762453
94.31997617689989 99.17826119431582
76.99395626210058 61.73419828453347
56.73717218352506 24.72926065499457
73.1346510341278 11.249593032452044
53.729117386603576 25.115495504072104
4.556451003296724 10.140106638005442
62.90680973827229 94.94818637613149
62.380340556918156 52.439868779142685
