93
20.137448167378146 5.604111406245183
27.633836142201872 67.18525089119362
75.68014325086816 4.135845609606159
49.63194686295953 32.04367275855062
62.81889717021291 70.76890198344148
98.0551056823132 57.63449311620439
54.44179963677179 68.92301798496163
64.64684177827526 98.82049687891401
73.50311400364393 65.14500159558312
67.11134540541026 77.36036692791741
82.20319759769788 32.35267826341958
7.064216786357125 46.7531482999663
11.002597341642574 45.03740947400635
49.73560295134861 26.453391977535723
27.683585370797037 96.52798636434093
73.44414035474769 92.75501315885973
72.22354342090296 40.73335016720441
24.115378597447958 97.456176046068
7.920332631224336 99.28271201258386
61.40571268230557 30.634710152217938
67.24419966263723 69.87980927437407
5.3405976147071215 14.846170273679881
22.4401629207885 67.0065551724999
3.835165867855783 43.961755458356556
72.60463448018054 16.127976256780453
54.15957644575066 13.787324462887929
48.04242218183165 20.685135587939406
86.12820025700003 14.894337696246406
86.9965766568225 96.36571137173708
53.262718277840904 67.8767657413893
83.66834247051315 4.838788668425542
75.46706111269194 62.10041424963563
57.23156759589501 38.14149967447015
39.04636159510356 57.746764521141024
90.41720061398522 9.024384864693658
68.37914389367488 21.964866442761743
56.78787719505749 21.201605947022994
76.32146510560493 60.050918251608145
26.35592259255978 1.9987491098744536
77.2962683985782 26.65866761251988
45.21569079436796 5.8503899118476195
22.847813509162805 52.30452620245344
16.946758080217805 21.947339881886364
1.831730578837154 57.64908931131174
98.92007877542581 71.59191721737957
14.393305577997983 74.13850256925139
80.21300989216022 70.80336533877491
13.661651980189626 76.92864725483307
65.29619417231257 65.92302605543608
51.916392048643345 9.074130563092375
95.30031775857235 59.32076035946899
22.78182244795346 97.8012692624716
40.53228908958202 0.8186606417127873
53.4459055349608 44.3356925490886
54.840649991538506 28.455974626970082
36.1695776193121 68.09526812686155
20.163795158850185 37.31799493334429
37.18505551427511 89.18782342099966
34.74804523512513 40.3782413263182
7.496502865282462 3.62948777708062
62.562337415726645 71.35696133457084
94.9702791302738 75.81672109016434
33.884971320396204 87.62944353340107
52.65231850256189 92.39441149855317
20.332848669611415 31.360133424135316
75.25262049528737 11.326885874438874
9.044293408777705 18.94454421301225
99.00796972801052 52.84919486962302
90.69970678862545 8.165534628014992
47.83799197710806 45.65350524387923
63.51966501531108 99.91017879492026
95.45403467048439 85.29893887399425
50.519738763492185 88.82002434741393
37.33099003754411 85.30601268110918
44.65469141193971 68.08377329178745
70.51310215241404 71.7570404441495
42.185969289331084 96.70773607399245
21.98431733485553 46.93459950852545
82.2431779819321 40.319292928645034
14.35842640884568 71.42311889778358
66.42491152794338 75.56073008504245
98.04143515092318 34.10127857584705
36.454165776606885 24.666572290698074
63.3292604125841 72.89335373328325
80.614119331361 68.62079290735406
70.42719440311302 33.82055055992822
31.201390115868712 84.38294755321898
45.70450714746038 57.79762283697192
82.90495736162651 44.7554110062097
42.66486259866193 45.1113649667621
7.221954579937828 20.826515727650097
8.572298285416357 1.9316651683365271
42.52728712553837 8.013208444077113
