99
18.147967527018395 99.85198735642089
7.214592912602358 66.43708053040879
4.663642785818423 87.62118788089703
25.96667076690744 67.66994205826265
36.08547381992052 35.888139869891866
9.864712941349218 89.41294818905224
76.82280802147112 76.44012299679139
52.40078225500241 76.11439720752166
87.53690980410866 77.8114491265713
66.27781014630665 57.733314299156746
42.562737602344725 50.17430363962426
89.95666523945172 45.26618455131587
97.74628436183791 46.24125489365321
38.36690007105982 31.1117435909119
94.75441741143264 55.92664944836737
43.65325826543505 92.22313786905833
34.41696967142952 48.57992698013359
79.05738611843657 7.56027846786248
2.574638780093519 85.05489232384001
9.313379973582602 43.40242979923208
13.280026543977675 41.096979196581195
28.19386128851309 45.72326639615406
52.34206196758571 61.193988570849015
30.381355042354897 13.873245891680241
62.26546623693865 74.35703764176282
73.38818651773995 54.9189688616998
45.99215745322597 17.58174559691722
54.62452228910413 51.31024737835619
22.79783576971234 62.00469690258114
91.73258581657953 14.973227612332341
92.66977400602175 41.23307651898208
81.70529579812938 47.564525315112846
74.18241460418251 50.78012648908903
54.34261516255613 71.76934627490633
11.42774670786022 95.16066420246639
2.892468901187728 42.510365553360764
50.67040439673766 37.12176427120668
32.392352870412786 54.103856996264824
90.1518018786821 93.52445195900451
8.734905320118468 95.8898253069392
25.896322261764237 66.14040111052184
0.8672986731478316 34.350169930831655
91.43567169202721 45.625115030877595
83.55183571995168 75.76834722606014
32.73659988438112 78.97474861172208
2.6947023114086255 72.31554420514665
42.11979685341212 27.641564904662207
36.10684383867293 14.834833157479244
92.9742098906536 1.4107141566865433
41.176721383935586 75.4237971477173
10.50478651255281 19.881935015823736
31.643188403865487 4.368459081061671
64.48071139803079 75.47066848238211
76.29389131444853 96.15477120846158
55.676122368839366 6.370794971375582
79.25662281975234 42.007401525844536
38.74795857944024 8.917173343867535
79.31878320592611 47.17462209793557
23.500925889671077 86.49973709743237
30.104790186705287 20.893636458476607
58.14674108380192 91.86379278889552
35.21734253959931 80.04483161706008
4.207735238941113 32.35851017111572
95.64172257546336 94.9191646135917
56.84811117500664 13.788045357478051
98.33463912453759 43.233992728170115
48.560917836509276 23.1570261414906
30.7524713019385 61.82182096624923
4.9865863098883185 77.17971773035424
50.87298318177903 90.5572215552271
41.98254300421495 5.16436254128404
25.56597224595447 75.57225756831119
75.24495076641855 83.75573275496495
80.53062500674913 62.43637095763841
21.51742676084347 71.71049053738727
70.01046877756708 58.539824801026654
93.30954608870721 43.86295580110841
5.634040702409582 65.61889230019213
72.69842913181978 63.636607655833366
11.813336178028544 2.4525237950624112
85.6102716256109 97.04407327393277
90.611518087349 66.3423149964064
59.05930338593719 79.38148115180427
42.163997110454275 8.947569608145912
34.50761672584128 94.79530667046278
32.108579363740176 75.11509424529802
42.01353389793309 3.071325603060382
92.85320676336667 57.079402585720054
87.115488651359 25.8292756262962
1.3223875128761553 65.88035986578859
48.228810217536065 55.42317987814979
14.605171866302092 84.29177412504119
91.75789530543797 4.949279427493202
80.18365743008327 57.04200855729764
52.34796365084659 68.34179354754987
40.42142785173293 86.7023741245475
65.05982855589322 28.69887276038401
37.89996532995639 52.53753066446275
18.99036701400314 18.95000870912231
