16
90.3685418510225 6.109553318557859
23.248215433280905 47.22475460165736
53.463932568159855 29.00042028735764
77.94245423826882 7.95849897061347
14.417544256206483 39.54854081506565
62.56457606645625 13.752016762386921
14.58504881886461 45.22224933502533
9.122075931125606 24.180828409561173
97.78021259567382 32.32993007291382
60.76761636317397 15.632448273395505
31.915114112507325 70.41353459798509
92.44379552608312 42.318599509033724
11.379960760263309 24.044398063254626
94.28028555746056 95.22470660891562
36.18376924717067 47.368387831883496
30.794529762334165 42.39470215315148
