115
61.268917373636775 70.24376433243572
13.76318131367501 24.54515096464952
95.77461792279591 25.32324678162594
89.8898385838595 38.24087521768976
36.70556025128728 52.82108471317949
42.00569772954608 86.87973086577095
36.86157057875054 59.648321616483955
4.314629378121881 0.24822043582156672
86.36151593522719 52.53815581949698
13.281657550242565 16.302209231576526
55.1660933904577 82.64640096108954
62.7996931583388 21.505512207641964
42.78255573913445 87.39165263420661
11.978072764287717 87.96180604549426
80.48191960963717 20.547336990205668
14.794263906687476 0.6835766893281692
23.46355049891258 23.710567278091833
64.31897805418302 54.12251822143263
2.6265586656310513 9.309609608218794
51.54726722848554 45.50874427843068
60.995301620766284 58.75892660961471
31.794465097375678 90.04110136252713
54.730960970254074 21.024450346834744
19.722299005836273 84.53449213604863
61.05726258055161 73.77194159589435
74.75893758954402 64.37096155690712
55.07305404880325 97.0697763893389
15.926700840973263 32.81577449655544
32.95920000986342 36.18894819694981
15.377391134234319 42.39368277248283
38.2195465787696 45.22094040998711
49.198839803238414 44.47496832593368
88.5340599699847 35.930539495613736
93.26764663474731 85.66182895164832
64.2049672858996 86.09459525885426
36.95003833526454 78.26965202604912
27.718781157250984 14.511742204668387
86.15265686274161 66.48842167271651
21.22553050922713 93.69300051056013
24.35285901432438 90.64859083309166
42.18486212450273 91.17991669907222
5.122152762422472 87.4643256854319
14.751039546130007 13.743418052153167
30.3154737564005 78.44658894710363
71.87765434560778 77.283937048488
83.54356127846279 76.43058914712235
39.25883672689841 48.71089807213031
13.15120642808395 47.19869480323913
26.49121124775705 80.2090680795901
85.42301205775789 27.209549293865486
26.268428684794188 28.953752500085482
23.972430981119143 96.92312780364166
13.503869704325744 97.32783128045801
33.22571483363378 59.891077032804574
85.66997449509014 58.148434602571456
97.67949184101505 57.87362545953209
3.6622298226905547 92.54713526646475
58.504123069710154 1.6729777857217187
5.4399225985969135 26.765965818580696
97.69251699334546 98.60194982497828
89.57475935476994 90.64006357603077
50.409212990268536 9.770303260856384
29.67461173206075 31.810101445955784
88.60455969410125 29.61233937681069
86.48806679889917 70.08277312398225
8.721278955488144 96.09046896751072
73.5167676625855 36.36126912188907
40.13927151823622 96.1534454540809
33.90944658387497 38.322523540159835
3.368410197184024 79.92901273172049
46.70513043660067 91.96221757277966
57.46652383617191 96.04387481273614
46.371650587461886 33.90402726178454
17.000173233269056 27.775078089267858
59.700665585827494 16.278764074390327
25.738767111354367 63.378936428478305
4.718606308490958 18.382601492809325
20.690672161652323 44.701348408404996
43.920054815692076 28.733925577751464
51.97526334151195 70.35839734111175
36.459671312022735 58.46356369040814
96.26821173369618 89.05711305316407
68.42921530970092 32.262443814196885
86.24393857367185 4.216468024997155
64.90718738075752 4.923554618466175
81.45215514532174 66.0887886957773
60.48528580675174 31.168464552514973
50.98938617775457 11.012988661309397
8.907534057165368 57.22619803762839
31.077895819714097 93.01843407033998
93.43070693237007 55.97665729104505
17.776848844045823 53.056180874821166
27.386758973361612 8.232122781479656
88.79221934647971 86.24813289627316
9.744977431027223 48.439287132318064
88.30600911160965 65.4056917015719
78.90323181785286 72.32504808276697
86.70894417350812 7.033300927578989
33.777748434688235 74.0731805802359
42.82054237635173 2.5650323496208105
69.19573386681282 62.309907203068946
6.729016021062595 47.93079690864892
67.92009681531574 73.19737966304403
42.967654833808254 6.42767784708983
13.055121075888609 77.12346737202647
21.96272714212373 10.001925580783977
9.428553652790495 1.2997132815422918
12.357115868299406 39.07610613297038
39.36920971782055 2.2861993339644227
98.4837317872182 58.36820701433821
66.16663631577862 30.21475958068406
34.29921663877325 82.20278004631302
2.5811624387893417 26.62247190116418
53.62343809685297 47.62807680200635
48.4532093136381 71.59575227881916
