167
38.1430051000648 40.16689878510684
82.73857161817895 30.51545233554861
41.51844223158573 84.26468699705846
3.8748509555170396 63.58496254099958
72.66935381725519 51.46858363535208
95.57574645223598 98.60373418839865
47.144672563987065 1.1761019650727955
97.5833510777214 58.491331995240635
23.1241922806677 30.488176639432428
63.40798327786972 34.84898294749337
49.86866793929232 85.88299164127858
19.11764420793571 61.80081599099433
78.94952520441727 46.61436411970964
79.06837340323466 17.13349820960176
4.571157968518957 35.72806082178632
10.292172417049084 76.1142887369832
14.202784110144172 45.150580164757606
8.593862622178161 75.20055407691154
99.8533234005005 14.225429424894164
58.38880238152119 73.62219940180562
36.01697211508428 40.602651206803046
85.57884182238186 27.339490813576973
88.37567079320688 17.647037265531385
31.266830214314222 12.399668357483629
38.084108146880084 66.3864619953288
92.89051889404877 53.71397807295634
82.29508979413053 47.781560534707566
20.32280405713145 65.58419432450303
61.06212627749997 50.640256100856796
92.13212642013644 52.65024317499963
56.70739163056497 37.0853382777163
2.871539500114162 77.41771014186604
93.25011869839844 63.06028656881211
79.42288402758295 76.08699725775378
1.2511274192995248 37.56360462552721
61.24872080166261 39.99897938113509
38.77303088235449 51.719404220655086
51.6455447316608 12.029679102427881
40.72461873541214 27.496300254446727
20.109420974778523 52.08715128802124
37.15005759515658 68.34536976902027
32.12056134380854 63.26189201870409
40.27613403268394 10.157792568928869
9.814516607049162 71.72994663709213
95.56223057931092 3.6315641325740833
42.947008274367995 33.02351831161457
10.66598697088864 16.92946627787022
25.847272526951425 14.90598702650292
1.0755238301411119 13.441183923776311
57.50037739683602 9.182542977920715
41.823052085658894 70.82644235434226
60.05607328181903 9.015873533487362
32.79094824425176 55.931318601749624
6.502000047248946 99.13842486635663
68.24156919923448 56.09486691497692
3.355191634736032 30.95324580985157
53.23462123962218 45.50778203107219
58.60426773879824 5.967993449039255
15.920688751071065 29.347235863650113
37.94448819793216 29.440099189502345
64.83627804220706 2.565736355589643
89.92156879938412 50.20263878750606
13.41519443680883 64.89181434766236
4.5638005970666695 94.7645799831713
57.6589670396929 4.519170032367493
56.043564951778976 12.71853468914802
7.380166949550038 10.653554312000924
70.54775519940422 72.12332209603227
52.79221544072124 78.44406057076952
6.866032016896806 70.467982972442
61.85180243965824 13.892362493962407
29.189848219378423 68.95571086148614
59.11503338971378 62.79719370532333
46.58198026287421 83.89628285386436
36.993946366667394 32.91152952198529
65.54750814785831 51.24551564852806
84.32315091535433 70.10835579653268
54.00746517258083 8.736597137447067
47.75388239823097 49.82701234095058
31.14321035283708 30.752324855419864
53.193936710140065 35.38653011398616
34.315533058541256 37.28747277529055
77.17191993422111 33.448795130705676
7.837148776244629 43.66591327339647
57.87018580941633 34.73648233871314
45.27567858098469 77.42506031022019
63.09799765064042 94.1883584976349
11.464605931559756 61.60770854549058
96.8370288524049 80.82721422660603
30.89273738447329 65.86176250329623
1.8693416416239783 49.781045186656456
9.064911842888169 96.85708189743958
76.3827318270401 27.15472996704267
81.3090557330239 73.83322219252322
82.09676953660868 91.29572958403489
22.288893797322885 35.99696248562676
27.815516034445544 12.17676073961128
94.63134994195936 57.83894342652553
32.643405666738175 67.62688031784121
9.613316212327149 72.3942545356616
73.29067065928491 36.1556062547448
35.43026561890389 91.70548436277515
76.87557772701936 78.13142830715219
86.70451917394803 85.48297565441824
44.67261507150832 90.0722300669093
61.37792073876477 11.158446456087878
95.35747463317644 12.683905415597241
4.788908271573211 12.23549876125074
21.26403564078335 5.498967471465099
44.38170351587337 57.02894381991387
44.35346159742951 43.95358082266539
12.295615519837199 41.881603510362375
32.69018245385213 83.76084390894846
32.30744499695752 61.36805821952329
91.56615906510439 13.343631220766671
68.22924176882893 31.96086003540278
77.55964480176065 91.25210376458975
7.584469971104468 44.54349662694648
63.67692029351526 60.10942436329692
25.594363533101195 96.30117995265442
22.858785865489693 63.43080915074232
79.46856738445211 0.473758859795681
22.644062180577016 10.174246085984773
59.13646332645284 83.09153368788608
9.353009746990715 49.667988473020785
61.59957396956533 24.544287721080238
54.597318269140615 7.333258400235887
76.71852463258185 60.840350503056854
43.99299103649681 54.26999382929988
37.47427334451741 46.523044069957194
26.77473120235424 45.36412524657746
70.81109367603405 64.73269738562128
58.64868903230911 58.97330298044774
61.78941546747597 68.47518726993496
68.85392217547916 29.514944299436763
94.93466646703975 30.346878949297217
89.51192268959062 10.367264696016033
6.673795718086883 26.210449015365334
2.1534844217014015 24.41460685857666
61.78944151518378 37.90808975768356
4.747204537629857 22.160617328302756
69.1595580048857 16.016722542202533
88.58226863445843 98.18324849711581
15.9497905084789 6.512126333147061
74.45692263814662 12.684306600133022
16.316248695655176 24.835126595585344
74.10566159611857 16.793345754580535
54.581675573109635 11.815919755976733
38.17495816020609 8.422404715123854
7.280451053280412 23.70234086458848
36.39877374297181 66.24816451701206
92.36382725973432 26.351813518281062
79.38495019116496 40.978274060882704
45.62017457850776 14.180406600600204
62.495810115705865 44.692287285710975
23.053835927559508 90.53217659969064
1.6100055811916092 46.070212535756546
99.0292412101127 13.507984371840598
74.85557222822035 88.41386361864903
72.60627802738253 81.35336649481822
34.508363281411626 71.02875259501047
43.02090971487892 23.030930108397897
14.796961506444273 11.359950441842038
73.36692713964642 18.725273360750805
34.79767396438314 48.31572335314432
45.64340299296119 83.6436898210507
42.68496946818791 61.52931911574366
