153
78.11083893919762 23.973552376791762
81.31913731662749 36.326272761472566
96.39097771047777 96.61875996152916
74.57402474155137 84.0209417350953
53.26664085668733 55.50209362779024
24.294344194542482 21.157749687070382
31.783833460657107 63.67720956629831
0.866786979402423 17.526189029688243
55.471077962587835 29.32768231907913
82.92690557385508 40.94669359122229
95.35069440771385 2.846140922429863
30.064737765454264 68.27068136144149
89.03103965492937 12.456244983872434
27.457436737234588 86.57662332296081
29.548561943348485 85.62210976663731
32.172864980298044 17.054979304700858
50.83888589571776 69.57524654077754
65.013407484757 36.72923028820592
46.78992617047175 62.62459456872751
93.06148801056978 53.821033571770606
63.64423323431004 69.74750504070674
39.83469121976741 90.85498618844005
42.528724226560044 16.88014818192496
5.160539839236089 16.03282066982438
77.92008423957493 3.5201781741261318
3.8865387204608193 67.42857447556382
54.501687666690124 13.815403959485106
71.13301142604354 11.537323911921115
43.11231048416702 48.164862171728764
21.073222146794446 53.5667831351002
3.928459773445525 3.970364879235322
37.24352625287663 29.805129709912993
80.5193045367331 27.884060721279404
79.35863000224043 4.488630439307917
79.16581437735233 30.007694686414588
21.039553184866755 24.600312476141095
57.29637936675919 82.07125523421948
6.071591472869775 86.7446383189251
17.933525344776392 16.76576202207869
63.75508699737321 19.4668768414051
9.51084809506475 13.424694036153017
6.893408359273545 94.48646080839048
48.862561677641615 27.396117741614745
19.467072531174324 94.71576225518507
66.82503678898156 77.47828727005606
75.00064543034948 35.55885459676125
8.679281057221822 30.42569777640707
73.54580741409406 26.074043358981193
42.633777487830095 64.30951083689274
5.61244399051386 90.30591072168495
54.931945116915685 29.642034139597083
83.97954290287115 29.03071144604521
45.29550623669935 95.90387323643613
80.61087647672306 34.26244391967299
96.7321786039278 96.9443330710672
64.28752953734835 67.08360870004834
50.55609208368587 69.64111895065975
82.34542841892691 29.80507888888403
90.98816679505947 32.241185854999266
89.31569862033402 61.10037000398722
37.50615292791133 90.50513988935495
70.38688178761903 62.711952884184555
3.5244238762573765 8.263540460715458
34.25177722526094 12.025810233077417
2.9094085012394744 86.27486194056594
98.24905144506022 46.7961005997478
35.60002606219216 44.241874758761966
19.902556581890927 65.55293845478714
45.53230100638156 19.270704666086267
0.008764178418230184 92.90033276273347
88.40330814177673 30.40091589104863
4.846670590835334 55.090559307013095
97.46733783137418 37.0607696843372
71.39686153443125 67.87956384005831
48.91504220911285 8.302866623482885
83.58551154245059 57.82843459962693
41.79988582132359 99.69039508797526
2.492231849803761 12.512239631922695
76.76764285100268 73.99772788800159
86.98156312094807 27.35085893123439
68.90108484535571 65.2744813834439
43.034719388905444 54.28360814118703
72.0146492003128 61.168035201598684
89.79763793717544 38.45231874251359
21.766381800944124 54.33067267328306
71.96910452775803 3.5526233768753968
22.945395931429957 40.37561137320527
11.915120190368778 76.5383125051569
78.65030391922663 82.281762634285
22.032875778696216 65.15742884549131
28.39527086720508 72.36006578633283
73.57271580976993 78.15219140583645
1.2491515605493664 20.568407749832996
73.10961141569446 19.10781735186623
23.867248659218333 57.5259681416619
54.27773157185454 29.282307906520323
91.79003439413017 62.69853683846236
33.99985845595447 77.78977437251095
30.284852932877413 37.2179244572176
63.108260103924316 92.49883524289693
83.67474060577113 4.503649684025435
26.33020756337259 65.06840756745575
67.01843234649628 65.08550361307358
20.93471350860866 18.71572751008782
38.495909662903806 77.7915291445735
18.305087734091163 21.886261245928086
31.65800813122187 52.25206993709032
32.69594212560932 18.613147743851076
70.62505766112955 61.37557878730438
44.79161202125628 6.355967054965783
28.288526477347787 19.006113823815806
87.53419000421954 15.65609573341108
44.644452540596845 7.266348847535764
56.94505622682391 22.699349664515466
39.382141788186644 57.402220874085074
59.26042997028043 59.53676089991512
86.91908179568901 90.63974261926037
1.345607661112258 57.93158762631791
56.33534969889374 48.91655609697979
48.683022920184406 37.98709171552256
19.812309409351858 88.42815480919766
50.48652054639761 68.4649382401905
73.2331251496695 36.05781229064176
93.90371589598256 35.024366487204716
65.4011544078308 99.44125972075642
56.19051074157765 94.44336993977748
83.88254397893947 52.25462792007713
10.65434358634143 95.47513605579445
60.5516016090434 1.5476240031854882
46.559590240865504 15.439835591099182
33.13247271878612 31.85158629663186
53.05071953304551 71.33668757331996
35.41299559680107 63.61886965124075
18.849899443198794 33.96483161489212
89.97037815513646 80.44446092309553
48.0813208090166 10.34848600596282
24.8712632155468 54.08569620996837
14.970204148687094 43.64398893537632
26.80206602915016 0.7674468187266359
18.351939187468247 71.69566377099422
32.39690311059942 51.34455566290927
75.69146285073033 56.70003960499418
75.24530281236062 29.731082683255504
21.068670881562912 33.57897223627412
59.80358839372953 62.9729714931352
43.67999732022163 39.802731095666246
2.171283432511195 73.88159417143957
4.076787913670077 24.418834258670085
94.88738653474051 31.837375638784714
54.59368480963853 15.579141697154931
60.74437445500015 33.48547270925596
7.340198211002424 71.73842840235854
43.3238908458013 53.84962962956414
