18
64.91008685858898 50.681770631024605
58.94675065894099 46.36636562926777
37.64343457870402 89.2077663698243
34.03611666594218 60.194417331239194
30.432921463198415 7.528093429401017
78.164476232967 18.59253455100425
68.52175294003173 52.693199090729635
43.46460088844126 22.932353452819708
88.23286131978965 19.95291275477844
11.783450123650507 87.84536367701213
23.820887675444137 57.711840516754144
92.76033657406569 91.4224114085389
77.85904448466214 64.48638322717443
82.7041832066446 2.550766231928425
46.394661508825685 97.02860525116279
27.075942878275672 66.34239649295905
45.78374718842707 94.96397710747162
9.463469200742225 14.582338878765844
