166
79.37424061410975 8.615470017140115
53.16202900340527 52.465646548930465
91.67835455911933 66.21060002785917
96.59096751065809 62.22344981770448
15.387057027047424 41.49901798969603
69.78024170603337 72.97050781363103
10.531468381690878 87.39429952233131
3.9259217401926394 70.2398251902024
10.768989482116941 37.44664263135291
43.4983184870704 52.43499998657867
94.71472551384066 9.040276096519339
75.70867508474994 38.92759187890758
67.76941836570488 54.332423935029794
96.48934113031164 33.004014963854836
19.099951147095418 83.70129437844219
20.74041776803629 24.201521563602803
4.494045343596875 83.01467175411356
38.16121971453848 80.67497383693718
94.52607986921608 91.12953689784077
85.27746984340251 57.918687487640454
95.82472701138144 8.52665045910177
74.0102029100694 60.9951747228401
29.627953355812398 36.659887865858195
42.65563740274181 22.516547065350068
48.240189108601086 98.57589906725792
97.36133696150927 54.85969449242029
94.37594955345995 6.83052266031956
38.38951747307515 84.71667840800433
7.891592366880918 62.91882317085544
47.17943912445903 81.24516531331335
78.6183264646523 15.382183966113406
11.960505429602463 51.074944477766195
26.397345490351665 84.6865035321267
60.23494666653443 17.296897740605456
50.26036574886214 93.1392121517859
27.197541407740555 8.568609172132014
34.93458906234256 44.31967545329528
88.53794570836006 68.90345237960332
99.99051243892967 6.719968856342673
42.39556332141288 82.19162384852815
38.81778779182893 22.33759275179218
50.28089966626289 84.18528956652712
99.27352029708567 68.09124386587007
54.70115815328113 55.92155819114299
93.5924568838589 16.8363041378916
77.52042404342644 31.040375895821924
21.492515089325813 9.190255274436254
92.76489908489692 60.931136601411396
7.460631767552628 90.89161137647233
58.0617999764386 50.08970587509746
49.3638032758486 52.43108437314314
87.80816378513511 73.73024277176255
37.90359172961828 95.94074378614846
13.85151216521553 71.44927990674923
77.81984516778901 15.440707215613713
86.72022345784518 13.62229976367112
2.2648185661451437 13.351152053611548
92.76827969660604 21.82860123175687
1.2859982560886274 49.14637760890327
70.1674401444389 59.85157644009414
74.75379284788661 9.622580025553118
27.87695052162992 66.74422894095704
24.928496243634555 9.012179349351278
61.05989041180454 55.810972690888086
42.276185468367736 16.965511754249363
63.084655907264384 16.71566864684404
2.8501484753937545 21.853210776098507
4.099958050708374 25.877931930204223
20.83959003949609 18.671246038592205
7.123672686528614 91.64506358161411
42.040751145616625 23.962567245912947
85.32199521649058 71.81388008139513
57.49230189221522 63.3978758213045
51.84138458709433 47.87588339244634
66.66832762076695 85.49841422274558
79.17766423731828 59.43638965789722
80.55997475023491 24.367879143207695
45.3562914541919 74.92581281605982
21.904090148939083 45.76338320881405
68.11035854946417 90.20754748784717
63.447287430877495 86.02119886422417
33.53719439908753 55.810038080256874
4.185468087570654 16.4831085478094
62.930460840005686 65.29987372108437
88.22669900227899 47.89265464030624
68.74399754957254 32.13020258777891
29.9924803979561 64.52983776257884
77.3753748192256 29.482304811070993
88.0160519373839 57.786232862257826
69.8907527045534 81.01185991289525
84.21931616374422 8.36270536022149
72.40636943842999 68.94997011523317
72.78225571180164 8.605016667212006
22.649903541505758 65.27936458470876
8.228463383036877 43.98867657400566
91.3975926712006 29.401990605411843
14.411545936237435 55.188292563128286
63.89743911964394 20.52678360887905
70.65433040098613 27.966976618021466
42.617271388074606 72.08584511608281
26.23399381476782 52.60842987710056
7.913127384819285 70.90512386283685
62.64013128686374 54.82972513584902
23.49955047814293 24.910893869498395
90.7635723148601 45.89821770760727
63.66481139958595 40.39923031676117
55.49699068638391 10.231657078866952
97.18202747602153 30.83073020059224
83.15633975598485 21.28094307919195
80.78732542140105 2.0247912153611214
15.137441482009361 56.99171260653751
58.822543776514436 86.45857583334738
60.80028307226583 93.10380253804261
78.13243661620145 61.47724827461669
41.4856380634698 78.61298761635598
14.049824142843493 40.25870506314024
28.20229928724588 1.680242818241695
59.44150734441944 54.915035949247226
67.85482451057604 14.994355310417106
94.58752334490686 5.396466750861196
8.893303830463317 73.5452843444767
39.00563416512009 90.556309245368
45.44266535815347 14.383124459863017
92.6934752250831 9.568237921996515
69.93612029508415 50.947790897289416
91.34101472402156 62.65136335435345
1.3732347155760993 47.55484360965341
79.0889876820445 91.73863765974127
80.70044754314392 77.40353372780532
98.44485131721909 0.9471618110905244
17.06116469436457 4.589169432783513
46.297501844322554 24.45789837760386
28.899084942745436 44.70555182637782
64.68639669748686 12.836360523272338
70.24922289697392 55.039373268798364
17.85515979889952 24.594721717688138
35.91269697652096 99.24209117841579
94.08959488038613 90.51759989466865
7.8972824535102015 27.05103950318205
40.08868447607614 1.568781794259233
60.553045930956316 48.995211490088664
12.618537353383685 88.09910848108461
48.96081406372074 51.01706763608803
47.55435216556341 71.54149229242277
41.1763755473723 40.77566989322611
85.04448338750564 7.294170852301585
69.37032466538798 31.924545575462027
0.929020821464488 53.22466658057764
79.34692587975015 41.69859143576109
58.8148929046268 97.32975376454421
85.8816821587186 28.403113637326484
65.47490012060284 59.24390942296034
79.10440089592987 48.77338980599457
69.26452953803333 94.20187260804767
21.798762221672206 76.93470601086983
14.95005776294076 76.52660491708771
42.982559421143996 92.2326497201795
57.493851201888944 15.313208003767597
60.11802668960888 80.52625134064196
91.44524697803539 69.0023176431221
56.87809906499138 48.31686569239263
82.54506292409377 60.9466665098569
36.824596109116015 68.64624156743221
15.047889351128319 19.16264349545115
29.340085165701314 53.00079422542835
31.246584452052595 58.39975603337236
