200
61.89290920452344 78.78786647058024
69.09493805523837 1.0028464090909628
80.91039446229897 42.39873431149096
5.086975648052827 65.51111004295294
9.511309456429851 47.57294960768649
50.00116268768334 86.9150565079419
7.445129163489462 3.5951090869878577
70.6073159598536 1.0343921770595177
29.686226619749647 31.00996309717756
55.67333906357674 53.02714020618687
54.53279775269553 80.16180120627916
2.2516613428613996 89.98581311630848
70.31393096075908 81.67398278747307
38.50455250530299 58.73183212410935
78.65728350675076 32.49457873575774
7.617163436524854 45.89421063304782
46.654372685051236 92.23162900771301
75.52759343108787 60.91264710367691
55.341834616484476 42.970985776520166
36.500979398236545 71.09719788911167
52.557253465394936 52.89736650116906
8.71607827282348 71.9073204106528
36.86415494250879 2.2037484927330264
84.97878265934936 57.653561263221775
30.75878478840791 6.69118725488852
28.084541554396846 22.29708912362479
20.302681919619836 51.236000718654026
74.06550172913228 80.47053724971363
34.2258500310366 54.93854697545212
66.43822164468632 69.25979729940721
17.2683858177188 70.50854584833374
64.94346064007112 98.46884214242296
73.41310962834959 29.817564277150556
80.15369917767194 83.1632338258744
69.36784560262883 79.66674017459277
67.39303524980369 79.63246289341586
54.61120638330442 14.290199108950185
36.49064916791539 43.06237562821716
45.27385797438049 74.06281598831175
22.65535019186077 74.56360231547407
65.56972572793451 92.98776837162467
68.58308904029849 59.21562043085816
24.871601671260603 58.36658257500827
29.10023302980581 45.5953124519049
47.04541100359696 51.10140977687491
19.17729518009279 11.000025592724416
51.35473052201364 90.06834643337368
4.7243571400588324 48.27460310659911
13.203238445108035 72.34233713306902
95.07883635060016 42.91184970679755
75.42687751815926 16.48952653326421
45.049700210222575 8.60489470454272
46.4097586046133 74.54056616074469
84.4325560122109 64.48659138807236
57.55073547213806 47.43691713934969
79.15835898568508 35.947427254751105
9.471904233366878 78.941086527335
56.820527304562496 66.90697551863032
77.65255171598119 48.60416439048054
57.81177372211752 59.02058517481908
68.64020097060637 50.88791623581662
9.937368630227484 25.356585796551244
9.939262961799766 23.17102239640223
76.14705339505157 46.43980664024075
39.54823301463678 63.40586746649082
38.026369661830174 66.67609747005659
90.33204904655429 18.530072785928176
59.60407046533308 74.04381046579368
93.94930665270441 30.666875556243433
16.228944740176654 71.9145540347779
76.05274777948068 8.944212763451642
15.562098118156953 87.28894197706481
12.177045214998738 76.99004562917315
11.857665181801124 66.3885475693238
6.899889483029442 93.45018972473788
24.398016442391835 72.95587559840996
54.606509768524745 41.03744863021426
90.07064468879406 15.407454286947198
40.46815282576311 86.50564693215279
21.27004045392693 24.249652987245785
81.99028024308099 16.034550415413694
11.713215013228673 40.22574399756462
41.38700233501397 43.16817705743704
97.33158251780442 29.871293071172232
99.03626958659602 53.51650587260893
19.331848032986866 26.760947612111018
28.02941702975643 20.63812136181965
59.02143665677594 65.92605631436348
22.80160132016602 74.81901966057382
62.35671322852412 86.92212702060303
30.792187327149666 56.12051213438565
15.98498486259452 1.6756535168693243
50.73079189456136 73.74505695385692
96.48062114554583 75.55330022815733
98.96013595189504 28.18754087843114
57.31989548022908 92.07654069060007
18.94248486728226 48.61687464499225
31.704893991734405 58.36499798768832
49.27417935231968 95.99331652089074
9.490292315297499 59.996197505594616
61.24329064657936 7.003778670062266
25.002652672810267 15.838736237061612
67.67566398268256 14.760449555238653
1.287675848138503 63.12171038741343
76.60186640821519 92.60206656372904
68.80163710950686 59.341136570531916
75.45200333058743 27.808235769862787
30.267855063667383 62.66547648381015
81.07600190639899 88.12200113126994
23.252179486558788 12.353081569807056
46.952904874146405 5.31306831531595
68.09848509689674 36.49858398956479
34.06422130536485 34.00587714805907
4.760185815215157 30.955998912402293
8.924000796820764 72.48581147425944
50.015319551871194 49.75090305774974
29.036039212741482 9.419098024303407
1.5869187047884536 17.226130137246532
19.602755986880926 9.766456204636798
14.21437311948287 0.5456845053439574
26.32346509855148 36.80205516047259
25.375162958863573 8.459981807096717
53.74556721709703 5.756549392429456
45.97286202970716 12.412025019870986
59.01833001797663 41.74602446710276
95.90340986344417 72.78353061646979
3.932475771390209 41.934148179815566
87.02789441644762 61.38301223662007
25.964659710626947 28.1606783104979
83.06991651862457 79.02694549927844
8.304788547448217 50.72530097861735
85.80520761529468 92.0715086156394
44.50550311483171 69.74202851370384
95.73303888988004 97.14478949107267
32.58694987824615 61.42364997787668
26.938239791867414 13.310194595072232
16.860302770719336 17.394191425457826
59.0100438870865 88.03625638696177
57.4706621731788 2.3276419659494674
0.7549286881939565 2.392120336422754
42.53273848492138 95.18478675428807
70.95143737136638 26.01099456956201
32.30829121014638 43.05249236136509
57.27829407343691 31.807919281507168
77.56290431972232 98.62602194211523
12.069300429605601 28.609164079048842
9.092775691563693 24.374557255888973
6.520915191331145 94.88730429725088
55.05647660956805 97.10621089298319
26.554088306698397 52.734359438340825
5.591366340659187 52.366354860335164
2.7953642080623897 36.261972691470234
33.86052607467849 97.14616757350618
92.7628579734585 99.89862249861923
46.79335331805123 52.39835801346202
37.62503666486765 88.1193433648441
11.859188384961971 11.402899233187858
50.43583362993582 70.5896846858878
18.551683632736072 99.50961307038683
3.887558469117247 39.58128565363247
4.073292734666301 51.1262353733298
20.96346958974562 12.395810881921731
16.142387493784717 80.71058797337948
81.96898366863537 8.674190842090024
3.76595941275365 20.351037564643626
79.65240443424587 98.13054280194487
77.06909933136313 33.780741650587785
72.98416667847593 2.6726344810321545
50.75383761407355 18.98470640507205
78.35966245068744 44.875157153479485
22.646261174057248 48.055436801459464
11.736142511896686 37.45212746863273
45.230874386487386 73.83714635172521
71.93391428952395 13.720032130919757
44.78931729817987 9.74730474345188
20.392654942893294 6.235325715573536
62.14662331642526 36.4464148548281
85.74176192193073 7.005904443940825
71.09977846268335 69.1169124732277
92.64744637987823 18.101313050053168
85.45489289604231 42.68605487554314
90.36090717599062 75.9140966535537
91.41574130859127 64.7647710988035
39.27625322482457 16.149072905205575
75.09680064388371 51.03636453304771
6.412822385798867 45.44905139084039
20.589964449321606 98.67839538753266
0.247474092492328 26.44883224373903
95.52881480365652 70.60995264869256
33.769932872487786 78.45789930259173
19.543888309708358 46.299424564716865
44.97532465116354 5.165520513140698
71.58932308436044 35.91193527138056
47.6603219308444 27.003190451428605
23.694712947360152 7.708547685328715
20.968858614662455 0.38296601990793766
92.261748363956 54.1013574715573
38.44000835331281 28.8003213329033
77.9637158369045 28.570934306787976
4.07802213219658 3.0489353722025325
