164
47.314902203022 18.544939397869197
89.52927670343287 31.046817132210116
40.444076157943066 55.389132565197876
30.221302395062 87.47399348797782
7.11006656012001 97.97734520441787
75.34404578583224 50.33819691337658
81.63645969939053 55.94318584815968
8.331973000634074 16.358150417919358
98.5552263167158 38.409820411674175
34.14428987524955 13.261802474992091
14.216321134324462 17.924738209491288
26.463936948231893 54.248065586313935
2.065879163930817 83.54834494041681
45.42143143327213 12.295747585358896
91.07254976072274 17.037363099453817
9.983650769242146 17.928646437531135
82.53206995332107 26.091795613478318
38.73889232184834 44.706128631689445
81.26077879635389 65.05803371243971
75.67896325658978 52.31037190665698
50.82041922868928 68.56400606703882
33.88954694887351 76.24307279439144
58.715825106246875 36.637525189768084
55.0185349553573 13.316300016182225
40.48708796378008 77.42386894335917
78.5958869150174 12.953217253250315
74.02378010216064 70.31570460460674
41.10270686964748 54.93943940392807
0.2887330883737049 80.8667057802379
52.68166204152851 43.43267556192
89.2470752922725 27.471481349605554
58.37890153591253 89.87069633914614
15.549916536868924 62.774824109705904
26.085267940796964 56.546629227913606
94.10541447738903 94.58461645935063
71.19411497588912 75.92192516581477
45.5784473549803 4.0063305912564235
84.02935546179422 19.28592691475004
22.868881226813908 94.62851044292645
26.42000293380925 21.384269789351418
96.75101749325438 42.50661630209358
79.52006363922402 75.79599373987087
70.15743485659742 5.950664718577703
32.76432581158946 20.872140231577408
36.31467850556126 67.8747703511991
54.405152170656834 38.417523287776
20.178656005869666 58.36593090721508
61.57757377949038 23.958984369227878
45.52811996331195 43.10241093142751
63.4048389088943 8.35718744528392
20.770508846120606 6.831179147670485
8.991195467297342 36.02385459094458
94.96468038183815 64.75181976693912
87.94066363900662 17.85486414782318
89.20583296958128 56.96146344105818
1.532902614374354 61.457061878087636
76.4313965279204 7.38785365753084
45.51504878822031 49.601988342119995
9.269363300073996 30.32210301023873
13.307600690777377 22.189982782947194
57.350687749765406 82.22279923356238
71.30501618629556 22.89411376824332
14.685192016626003 13.555317845809089
16.017383380956584 22.74264254917989
57.15672701490407 34.23852302165431
29.681080993033337 40.26901848056137
12.114347879190179 67.62799736952988
73.50633671848816 37.88354585407235
30.408865368202033 49.47326496517851
22.92883492663543 52.66247620793176
90.95134535595277 94.89385352320116
34.53227811467345 8.040852290950095
78.71045321901708 8.768012252894897
85.79824202099611 95.92746847377688
35.67757844781345 2.3705206067333395
33.431818702035635 67.88053366105046
11.906323325004632 54.415722672691324
52.35768127357855 19.42663255488688
67.33567618504203 12.64602169103778
40.108971629308286 93.9579384081596
91.21030520972849 11.538210558652139
68.7239876287313 24.548966460096754
70.11236801298126 2.8434797688645874
47.96843470702722 90.73188185609783
0.06431093980623359 59.328156993049255
3.136189606488793 40.11990319255031
81.5620775939785 97.03286536599492
45.067397857707384 7.502769611628912
68.3208282063896 57.94254277629334
77.27469410587814 89.27145927676978
50.55548502247235 97.91889181788966
65.97067146355738 25.682806256610235
63.614063434154886 43.86895132938029
92.62109657691533 68.12791950369581
82.29046560652195 55.03671310913161
12.180147281552179 34.21057010377181
14.769946045557703 15.510053552188863
4.561399026641344 64.943672539243
3.8200377957301246 17.440199923785837
77.87632747778063 47.587155792668824
52.672515560568115 9.326643975761574
94.31231477374732 62.60999115764597
30.336313715552656 2.740703711455661
33.31638825810042 70.86013046328684
14.60279591955963 47.930408518606995
74.73012436514792 9.037041521783317
52.3825098794857 75.31674908340231
23.995333053888846 14.600874544202346
41.47092645441964 99.08826180141872
82.91420779360521 29.359852638809347
26.954193325614728 18.044203105302348
9.0125413496151 28.823626945434466
73.31099041541127 24.10449908274903
42.26543245785492 37.37930179673339
41.98532582587391 8.721141260100552
57.405889748724306 43.85461922214723
75.81348875430787 25.564440458244164
68.35405550184596 95.61849038514575
43.53214615608891 4.7183385922776155
16.533901068936096 20.693994154544548
9.262674933354543 45.11860911791206
49.95477769037643 93.34461609660187
69.76489525639718 76.194160871125
41.70416061526097 35.74717777954183
60.29927317212025 33.0274263674478
38.5518473059968 69.28396802333042
5.167598698624099 71.5801820822015
59.546089817040915 36.54873991759988
59.25842087177929 82.7573815306552
50.3748530985762 97.00831399808574
40.993039696963166 6.88342629395069
39.3084709634369 76.21547535370456
29.11856935426619 72.26513890496601
4.420560297175335 6.476431732194865
29.46663022493492 55.09959057154757
78.94978266772115 55.85578024281536
35.60150882302441 39.57128836476082
87.44667544730385 34.37235636290519
27.92924895350716 81.70634525712967
70.75511449861666 42.76807911591241
70.71237865700569 80.91131742376
74.1376752929368 32.35530561311405
18.388858897512694 52.72065844911711
85.03092603003589 0.37279560778359366
76.20996242957429 15.231312215930249
60.80902368265596 54.96804080979027
67.81455971672786 72.13634460370666
42.59655382457228 21.89133404802893
23.515884984797598 19.608141698052506
42.92039744886296 41.46919822911899
58.4899556362003 16.890766230917375
47.599568128370194 0.660350075747862
62.59212790519921 74.61644823147653
75.2905641567007 17.568180625596497
90.65846299048165 76.04283203325272
66.92047797034355 39.10256490671178
84.6080829676089 36.902918817032926
24.91965556764385 83.07248491708624
93.22447630781487 55.14361885625612
16.99746806582142 21.193737999696825
28.71809435168785 37.205970725372225
41.36887124153258 71.08225113243851
93.84221292992667 1.118217079720507
38.937515328692115 80.90950562191071
