123
39.71403492984411 26.119538454489643
96.98604199458468 66.91612200891464
97.6256331937026 24.20406199068448
15.039004900069985 1.9557752406764939
32.82338279120116 27.027057957367873
89.69019999875162 10.617215996963548
60.85300814616694 61.74227990894152
32.66130963287077 80.18989997671663
50.55707240363937 89.38075948795822
82.48007991223953 13.76495582771341
80.1464862543126 19.96523064862412
13.609055072893083 20.316086542820788
75.0483730111887 15.664740633616425
73.81538602837409 43.55104244098924
50.105213373847654 19.74305224864903
77.87564380085607 92.85530317326108
90.77313905229396 11.573801758095737
46.5957757934043 63.731487916681054
87.84133132757503 20.117982207639194
60.3263557455211 50.839830375037835
79.92887672440858 10.083320964446763
69.80203074486177 95.50175203904682
39.05746212417147 62.98729648015442
33.74313486536338 74.6526460189063
44.31500229875732 76.15977116365313
35.10468871088932 90.06122781189919
61.22446950089713 58.257928900798916
96.01788694858571 44.22779422854715
45.44889671122137 81.26315393359181
57.44224396928692 58.02353872723943
88.96524471111947 25.81340286204208
68.11625540784794 7.904707523069076
3.8909337310659042 0.34396773522183954
94.65836807525022 28.697105256694766
4.522541265642721 88.25248309872158
14.869998140148134 22.37809973285213
82.59344890159815 61.26662800743742
70.71331361671595 17.56146851123377
7.229066523402272 58.69896073377093
18.92512795323573 44.89099128676912
21.23876601661392 39.341336280190674
82.48095332010993 75.18531734247448
80.98049904831853 10.993758326620263
89.40214325753375 17.5767356503325
87.14989249077018 4.952888624029372
8.256241073051951 74.20218277973272
24.874975878751304 28.7846239615963
10.691370896013364 72.55380089507005
94.68144240644175 76.17138974980205
51.654620814272135 27.702055273611002
93.46192135100034 28.02265390293588
93.2748460729078 16.317741154588404
4.998211749163617 46.036062722443326
74.28750816368957 5.639487229813378
88.73377029947699 31.078822378446237
75.55863019897835 29.22606559051536
22.778954118112182 66.4847733008396
49.58599503807841 20.307740556336608
44.463041901332275 68.06311326628115
44.021883977830434 5.406538369664693
47.9493165323803 73.01821753111517
28.275259489517868 81.06214346205883
74.26487552784917 1.6120210155720738
93.23085995059614 36.352326254799436
36.07629009823305 3.7863243708615046
52.0884971920877 99.22845873623174
90.31484988516723 65.95101116865885
34.368931645380364 26.831484861671818
73.00357021210363 80.43312121249488
9.196801949157308 9.638523657920805
45.75169461284639 92.35972700021651
96.95658016402415 70.58843384768578
22.641505741659827 10.755369432763985
79.50868577882146 42.905875530420765
7.490805940299761 38.09828877630244
63.80297776629734 51.5966343435474
20.721095684835554 88.97758334752116
91.36556559794522 8.811237524908044
30.07602134037658 24.80623339036724
15.213581263109155 9.566215818409507
88.75350703648716 64.46397000515871
62.99680654834967 7.200737910143651
50.75364859681136 8.340226422857489
77.47536881157738 5.58054590172129
50.11650556826157 57.548029713087104
37.24517826125307 76.21078733705033
46.45960951511938 3.4153955834901106
9.649405796478284 53.45380086017103
16.439086997174236 16.599018189330916
59.281873151185984 84.45251314225575
24.22729216255648 77.72237124805764
88.27407473512555 9.388686656516064
92.07634813354612 57.08636801628394
53.424347776344796 65.25014512395055
18.339000419247952 33.60775469483084
21.766989482601605 36.14233377145265
8.01447870093045 98.41097531537976
49.99285553341236 10.148193072267265
84.51626171758727 27.976647645752482
11.1599393700354 92.82796775316557
94.81610008464109 2.9767609564453568
81.60802673777022 10.42662003057605
3.1520018779798376 55.97039534185906
37.66486671618362 35.38924901888867
39.537959460740424 23.564464627639026
6.416336987066296 47.054448527470896
14.395044032761028 11.944102310359773
98.03180885933747 79.827285692107
53.036207338823814 92.4100804417959
54.67513132537093 28.973452813436108
68.78336689368322 4.781395801928479
72.55028153941153 37.158618474623054
24.169531558594414 2.1037886592322197
61.06878385872194 80.51460428277544
93.65899716080037 43.93055121454626
35.75641439198359 78.80416266129771
49.09641494604391 63.38328124835718
0.5079530159935008 56.76589934052677
61.81677535594085 10.519263529489042
44.011017234812996 90.90810581375096
85.71955976810645 74.88769958172725
40.06577611866836 71.353846201231
8.051748441253203 21.23098428225957
