163
38.53464138181856 55.52073211046367
47.67655508484212 25.929278790219833
96.69248207201416 40.73934095990058
31.453550815786958 27.55037091693433
40.31850322665531 25.555360325364894
82.34953250199302 37.09511890340491
54.867400814180925 85.91251611039624
26.325225083400117 57.22475110962182
33.71783190272231 91.18083609004196
35.988701502245426 60.16019339592009
0.7742038564455767 83.21525852454837
36.544983838111676 45.13194923186374
88.96556517850898 43.42265474523101
66.97540680131887 18.088151371366667
51.141627362994534 25.643668545034426
16.004080699898115 3.548402554222896
94.24464403692151 42.89955663048727
59.10281244614388 13.930876227324429
38.06946388204808 6.925949761133044
45.54726721704978 99.16782275950561
10.319273387252792 49.00130409772544
43.081560593300374 42.04124732396185
70.58646089014672 12.303375228986901
83.95774169411555 41.215564523989855
71.43323354617831 40.5157466027815
11.72811014434797 77.34087776331869
15.579147071172805 3.8833763416532663
57.09438206957106 46.42062039954289
30.023320633969398 62.278862351365206
41.29853677707081 45.64017796649282
0.9523196876752293 51.67943196136014
63.89893660144407 44.47618310316969
88.09646076014873 70.1384018311728
65.8276629852948 12.057063643819143
95.64660831492941 75.93914675180936
61.81503137259754 23.89104286332052
8.416969648791707 65.45426509311578
9.996223506114498 34.53720521967322
65.82383970763243 23.77586466045718
45.9376011018722 17.924870492195744
87.84961256143214 43.03945624400686
29.21316786491316 87.97526969385902
75.51522994687868 63.03154119233838
25.258356973054298 70.80094042317977
94.68211384330222 63.55674116638929
13.901575079305173 24.033678919157285
62.125987339799636 85.40022007315186
15.191450003390939 16.138409817409162
75.96221166986086 14.578892947014355
1.6623328651935942 62.67603949655177
52.00862543011324 18.391039957621423
80.27819353876947 92.24566722639545
56.352634050552744 46.129753997402766
14.194351509606594 85.07625670511646
43.09576500542449 10.723741042551493
44.092684121098344 62.645378379321585
22.781806766196546 42.32421183665222
61.14145045318803 51.06696534454937
64.23050137083297 78.66236291749082
26.970521950488124 10.694443085100458
25.42859525968526 0.6104217025049041
81.37058259800058 61.070362240612255
37.181141829100106 30.46784854143204
46.588240901841374 7.928537351006526
59.82687049669907 37.761699749661794
10.79121622071002 26.86084351113869
86.5688152542321 76.01011326863397
32.68593430116559 60.714970099583624
44.82160048667705 8.636260156893849
75.70014147297928 54.71020335492503
50.55371450429287 88.56222162220675
23.839990388145814 76.28887309065196
74.52820948699022 46.38025910985589
9.523879384633371 86.13733172489599
67.75101956121212 86.39100686523594
24.821074669153177 74.84280060107318
26.805915651834166 22.668419424865228
0.9016289318515169 4.341907954220692
70.13354988335611 33.20909383337985
95.68939199516406 78.02550018901555
40.18063677395669 49.629806033887405
60.04132442491665 28.60142706486308
4.713467487530454 59.31456518393006
88.92106870344047 62.92472532485698
76.74603062452053 97.87995541867284
61.8121256720395 11.066781659753
76.06942748740025 27.76034157943712
34.79586591045075 36.49421864299946
31.06354352777725 36.70831556835944
68.88118550235805 20.353721761619113
75.24447847574905 37.440303417885644
34.25710512061653 79.08737556294733
60.00454030043317 37.05679481076057
37.8240474634265 3.5155693575819047
53.79580687576543 76.8860292728934
30.486554468067894 13.011804557100316
69.44495499840312 73.42108690300962
66.11019816472637 18.324374889858507
66.5610156222618 27.054279567311536
9.540840762377767 63.59546916208465
10.713972535954019 70.89501462629977
94.61035352693534 85.33016477904738
41.297676355952525 58.35993665576162
24.180723820207305 60.530833483970966
1.9601179608733421 9.21728424597511
30.842088805000532 53.70689805792025
82.79181001217017 81.72642183506743
11.082203982819628 10.746087514387625
11.754619648447074 27.179463279711193
20.947544013600606 93.6527310443267
51.3613593987648 30.369746949416378
73.02118161665632 8.074573159560172
96.26225580059315 3.5198932532696015
41.09281714609999 42.0431722287231
41.51092353614821 39.01372926964088
73.2014555199137 21.478372007617818
24.7185086269737 88.41812411408186
0.32571270116587003 27.093267759833704
51.804647126402735 88.49260827062781
85.74558571475215 0.2652417028970011
5.402481858685048 88.32225714851572
24.688290540432376 57.433344590967806
60.956204110116644 62.958843101267334
82.6825029993533 99.90482623807546
39.129592819413084 36.432921806600774
2.1874762594159214 87.19152027042566
92.15345288647792 87.74357014344919
81.44392619722463 45.209303562915146
25.210766208921108 80.39125570200571
4.704537403809073 16.853173094298224
66.65357222689735 21.34255761724474
30.210093246943494 46.19751157342804
69.46773904098735 0.455444558872542
49.34701176467664 67.66852985874036
99.37502326612531 2.5412203885388895
22.819505301298893 31.460841548930574
57.81701637276066 36.436484286451844
41.20578868042604 24.822479195992308
44.389368626201545 28.781727704726546
83.49027399269659 24.85008589626276
85.62196630814465 70.23066934821944
39.56548027007679 73.6858054621216
42.73406015864255 51.07796077943155
37.421403008833266 98.73982768237119
55.38236231680822 21.603048846052875
2.992010231236819 42.688725058624
13.378662265385799 43.40045163321692
27.950021250534085 73.9845418624643
74.61282937232106 61.6179590274364
34.81905607317789 48.3954942389633
13.541304106406194 16.51558377987635
73.40497546755358 81.84451213353951
28.92605340759139 94.07657569955067
54.4826776053581 50.630457407066785
79.246510562094 62.87203530813934
22.655542011937555 78.1921932314338
57.49465245970904 90.56005295344636
9.713809788658656 58.55998549443815
57.51086658928204 13.078501926480879
56.26196507012613 69.16281230005553
24.264535879528292 87.81289609281664
3.336493543310237 91.59397471345214
44.08933195327043 36.14848415779544
