191
77.27978335512404 12.959938458354458
94.36643772007777 52.28362338972238
20.273278451111743 80.02762972703736
26.556238490508576 35.16312913864525
14.879461773479308 79.96097556562529
23.14085104535414 66.45158606855979
48.18796120560399 34.12017953047373
75.75208778527738 91.89036089554938
19.093213215768202 47.47795231412966
57.21859997415761 53.96590977896526
76.62724149822378 76.29200056899094
12.916047451500711 73.52455470688668
2.553306916117015 6.372815730388471
78.48169893463107 5.335212925747546
13.380558920024022 13.531886334161536
74.69659217719644 94.59655730763843
13.298385199201256 81.46702898867282
77.55600545081799 23.869116643162968
72.4712107360959 36.72104881152168
20.755861557822218 98.82777553350886
78.500251198196 16.02879767922594
57.10059619246544 55.66514862804451
1.103806137176211 14.785243531601633
77.41315505712303 42.9680658706958
69.97772767718241 40.89294475349627
18.78544795368938 35.64638335244725
22.027703829468802 5.488179719798536
50.321552034087524 52.97261240788905
31.475377518478396 77.71494020349708
28.063560218393015 47.872174414349914
98.95532316078844 61.094009058313326
25.34903653794811 99.21327316960499
59.96450667739346 5.110620218925477
7.862450240379005 9.56145223173216
62.012786249877884 32.473383855176685
15.903568165717974 99.34943262785805
11.263024108801755 89.30500088173915
16.475235323501856 20.30993089380192
47.578967801260966 79.8971719916477
78.86614425211974 62.05112526435085
72.53572919651195 95.65810098527699
51.00044594759879 71.05268628856878
26.75289400806491 69.2353974380242
7.597944749597052 97.77433065461022
12.905569372473401 55.05423637366251
80.07875445536405 65.7242163800007
71.90722925498385 13.564730363659017
39.92170915039351 76.93197588931848
80.78436301710117 72.9622734225627
36.53736971533702 14.545882722438353
62.183299876833495 4.97298247153708
10.692370011665354 18.818839378890296
38.89941333006782 66.17658115227893
7.158213775549649 2.3209362459744476
32.528062979240524 44.053650826905745
54.12834975448369 3.5271669414047024
17.08517599075573 44.38949753357569
33.35295465782517 96.288778233742
79.88668898979502 49.359636230479154
55.18409506626265 45.344479274080484
54.18723961425216 98.21955463396729
95.89410798209923 23.690006959066434
3.6121476108636585 21.120331459589714
47.9458194927545 76.87596720034269
36.33705911664605 64.4936831809614
38.333423592227255 83.78536611691086
21.741245564263355 1.2201132305395435
97.55952540471421 91.11741784041088
16.882774998815787 36.23483011254328
39.66962202151265 14.352407105804177
70.74606170954264 20.425966822148844
30.958901788066573 77.65015760834346
35.812294084624696 67.8926158120133
72.78933998775666 38.968380363968244
92.74009939051938 33.872738438503106
69.35660072812763 77.18482037101383
84.75543566112374 93.70005948726585
77.6143966784719 9.63903550349825
63.55740988827845 35.14609424457015
6.001571975229025 5.01487910300521
6.354795117643031 27.9567206253059
25.76567725676383 66.8762965245626
97.32672623535106 27.32460391066104
11.331958849044488 54.561847365784864
49.92635447953428 37.25553470088682
14.956199020564531 84.4791258527815
4.785738510101966 12.451840698854378
28.341723859529587 42.89085752957451
85.65928015321673 47.06074130528491
33.597412468618046 35.11375514771918
98.46973413546164 27.25463252940714
74.43747352245548 55.1939706376555
35.2173912858698 22.358606111349477
41.025815666664265 57.581016032009835
97.8178667947538 16.8672892926657
52.751911538481636 1.289566301040046
2.6074714823183576 21.72005078831212
15.737187470786374 70.48384492456412
67.07554643964046 79.28844316027207
66.98178136372024 22.292059366178606
57.873165108723576 77.1366043352785
61.01434725027553 67.95983801314539
49.87346003348144 33.296132578495296
11.486047598123939 38.798174924445114
54.02583461244244 86.34125626980851
80.08390945379043 33.866988673169196
80.07472693388395 25.349393862856896
27.75318496399375 97.0677354939933
35.079871984214925 62.080539591851206
26.96885067270579 19.194793929352816
25.429464888987773 33.73119621213378
86.08466830979562 62.46582745940853
77.58092957390572 79.68920436511443
96.68617836026529 14.574100285921887
61.34553781757997 22.57582597388086
91.85628044635081 16.423593867645657
97.936509324477 38.52776775739004
89.59194284247667 23.96413998410575
91.47086739212614 34.14932686575073
42.04996609224811 24.722722903698646
43.259452590643846 91.67905059037736
68.93333839144108 87.30988065293911
33.95760925947512 70.26669364325603
0.10947560697092129 10.255891181348476
7.330528803325443 69.37630328216682
58.00735960725905 45.811480760560464
6.647056846198485 92.5329620763676
10.68605926673839 94.1558057142302
36.85600374905024 15.673584532082296
59.30481024134973 97.51678964920633
64.00567167580566 66.97168967821511
23.451011147501898 77.41838542582012
75.4874891314843 75.12189476712317
65.25058479407234 6.71492954133972
54.70037707767619 92.18255357503135
3.072454513572087 16.086604673897085
88.99131714003406 58.36759733648819
90.86888876766467 40.09114466293321
39.34122969279006 44.90727356313226
73.95186138579422 83.7594245419027
87.03001568127785 6.2571508426453315
5.579844932870282 52.977157146166384
27.785127026475585 97.06526699167416
19.226231913656434 52.93766602620844
45.05072616490398 42.18874552216503
40.55898206220016 60.58296475644149
35.39250968817651 93.66575707773987
66.83499591518947 99.94368832890677
82.66136742195675 97.64205226497504
4.974555971345751 0.10448414738872813
46.75300886550491 27.941928311090113
97.82875523757265 91.09265251690945
84.26583500268305 96.03864092422614
17.611798848081982 14.129606374314873
56.461013015859095 42.29321975327672
89.9733320189527 43.955349557708075
75.34841101792193 57.25079304208437
32.2453053848898 52.36215250698933
43.8661173914826 35.14994091855661
38.92863460413986 42.68351753199935
86.90344237320167 84.65103087988182
43.791089667734305 60.35101072879823
90.44480125421488 15.848914500761513
13.39754590327803 85.08137080643355
93.38576229573876 16.826125081327493
71.8400700797026 46.84477574115158
21.73221347159847 71.35986105706003
53.44318911598388 29.0957426527959
29.706583931876963 90.66397776493241
63.43540734341671 80.58325718162035
92.32591653812086 90.61520366041468
31.90921664771704 73.15782047774361
16.322586070852708 83.8283651985125
25.689787920019047 13.372711846987395
13.924613642915762 64.09174720026864
55.89607687703566 68.61958980160526
11.332047240134225 69.1873202576831
26.48540186473983 90.09656949090088
97.8449119140789 3.373952643091105
59.71628549856355 90.63989977356701
0.24663443943149232 64.87942160029152
20.35654301985034 98.5392477821741
53.26861015551668 84.91833352176245
82.66080327342384 75.01104083926495
77.28451379403384 65.93672417358705
96.23239150534837 82.11047893268977
58.926602238487924 2.1655982612573954
62.297279666480584 15.91532248481754
68.06984952522383 87.2567692075384
66.7932383532223 89.06425299351305
30.550250069987317 41.78484484908
