149
47.29998957678735 94.77970195003519
98.76006633151866 98.93787672064752
67.96030949582371 80.10985900416864
79.2045920165373 48.2954156889272
31.799999423447222 17.182733089445446
26.437590035755886 6.333988873536855
66.9192688277305 49.936522987853614
72.92585809898611 8.25521026671856
5.203726236507422 84.13352503695599
69.7055492267481 77.09117126543333
72.41303361501019 60.094081695001066
4.659609283684929 28.678105367835936
21.494465394425134 78.54848363395112
82.45552904837876 31.94367962977569
60.52983009523193 58.94217914324983
50.9951174133384 96.96839959786938
63.70207673345058 15.168764302140747
53.431078519580225 3.9769020079052586
90.18216465909362 90.1909186832316
24.86547868545106 31.25030007466849
89.7078776504616 59.08943621392354
14.87912477659058 70.46519707389372
32.346422298437986 98.81211628449189
11.01083406242921 28.45779055860216
4.1967241878907435 33.99480194219004
73.69299752115062 80.6917452496629
60.72398376870676 80.61102097476585
1.4451670146365503 92.98993013605269
46.01527335942095 10.200854681341854
8.777195234101164 31.335634985303585
87.30327276675382 62.766586402466885
50.497319130091775 54.46289614672216
9.607409386315545 2.8715750641841398
9.495800263172793 24.0376328054137
96.14644271754332 36.48463633942255
49.79014840140077 90.8428738267503
5.006779978298992 87.64692279422557
6.279259737149678 77.23137817471672
66.64438671834417 34.04723140820207
82.57320361351472 99.85877405417769
69.83759630778084 72.32467627857864
29.353760723851853 25.28407141601894
90.82878493723707 89.7210873095841
76.73981716584193 61.285006230333295
63.34214262467839 82.51702056829993
95.9647018667273 64.62326399989561
37.49523036312091 26.025700064655123
52.913688930337464 85.72785974654263
87.40043772955504 45.3977146090153
40.955684249742205 10.251378927491706
21.48341018364124 72.56728983768876
31.698235011074395 17.800733887434404
88.15934320762442 54.26110915968805
81.00612662422881 2.5435474962706706
34.92108102440521 25.539290045664874
80.20380570394902 44.29237820782556
36.428417293419066 22.23528173083993
62.692189272157606 46.1574216842886
61.090178061091194 45.951729745564585
20.08326528934714 24.91305821876849
63.16257740847412 41.64267784634896
16.47291569822622 83.53983815231182
23.73924860543326 18.987651563363215
58.773765955868996 97.16739387235084
62.82382129033663 15.834449786073336
66.17399362803997 74.49931631998977
95.60775709353908 5.123071112342359
75.79763185945791 14.39235091978529
29.630322316829393 15.936390840776182
22.414979245326162 41.471051075872346
2.3529885216260427 1.726560469040328
26.51144515831302 82.57895691730421
68.86074174890257 33.97055167433608
54.249502510666915 76.68859279642213
45.248031426099914 31.833282025289865
23.121696290126735 3.7059346543805827
49.09295763807771 11.039092428146036
35.3426473094063 50.93727089851651
40.436902554916585 61.124022634149874
39.769029004741505 50.54030875160201
80.469551477139 17.743516892064626
71.77851064967155 16.253843796635493
35.00828430050095 23.550619755053305
58.48494117791686 95.0783126044418
27.141320593222463 57.0906402807959
80.27591689693868 84.89754204767452
30.12073966298373 70.64918872999627
64.09026518685555 84.32456094449381
25.60321338101189 84.26730500673276
6.818598713900137 22.066146012298493
16.697980516926634 82.07016354943273
82.70733614693502 51.79785013761493
53.109552717869136 16.45935193375222
79.52397878634989 63.48291214102628
69.22909860972484 90.81197903673286
52.64627503158369 54.464405575118334
5.40243698052012 27.23120098854981
10.271987506337222 59.99954637528842
33.96448152792869 9.373000316970426
80.57181507820677 87.28002272751525
96.32685924698764 98.46752102581607
36.373121395739275 2.443798505947814
39.07338278944468 9.248452194708745
30.990299262408648 2.847345289954928
13.407999716639353 75.99145359999146
31.41586220980772 83.36922570531716
46.739929587710996 94.15389345941334
38.65083449543189 50.950672393975125
94.05886303632754 99.3096402223682
32.412840539309265 16.88997831451362
77.00774585784121 52.653119392943324
86.3973819787308 6.590801121264745
8.930959921067972 99.95091124906892
80.90411834441693 9.265681721607578
81.52652377441368 79.62807191883799
63.08414069635484 84.95023318924791
3.253061975828375 68.33980504567756
48.33663706724677 10.723283414445417
35.81381482267779 87.89446075663494
23.600965241147897 55.82181522785605
62.11834394069776 32.55117914275909
16.295962755136085 51.861623864542025
23.750482775798954 87.11628950017976
33.18213351988521 66.14767149226648
79.88449094952483 27.53636583284269
43.04003591575823 75.13998481413262
85.17040256007952 44.510957537270436
1.2640824127384875 69.87055703486001
98.11896639004114 49.70246525885778
97.93066213542244 61.37120522684179
52.64479231734467 70.9548210961684
38.39448621058514 19.6556940616436
88.24978127034267 37.80546293531315
11.085893581760931 89.79166931460595
78.91557198344124 26.45703561071476
18.450498275102454 99.9700154249629
93.7169552667404 19.850440845581296
10.737661551973975 36.267105366923005
38.444989274881394 48.721259466506936
27.84259677567634 98.18763682626357
21.971973119477283 68.84839203700732
50.04830042303075 4.40865335138847
55.91046031615029 80.00621116027887
51.682653541358 17.98663773658641
41.35183730931233 19.28194661752316
19.569739749820904 39.52055583802302
68.41718461629607 75.16583451489747
56.42984884640487 40.57415185345101
19.39613922541623 2.9514446361971425
