145
5.868880939337984 58.65387161013101
54.088237208605804 2.907169271403265
37.0632858839984 54.37387392201478
48.001736189254295 75.99037623807344
15.33762223544699 23.814010796897644
35.82594112704487 53.785149023452725
80.16599003498145 15.64994497086467
79.45868018019749 10.167926963741646
12.728538796167143 93.54589307703507
97.11171589330448 32.18036907007039
15.301409196991644 89.73456562416034
73.78068131368943 8.22008086964452
84.54968224678359 6.932892264989487
70.1307854252747 13.098477088064776
86.90880143119004 1.961463979410516
88.40082205006756 47.785546609383246
43.30395555926639 0.06321242928813975
41.631418560553826 82.78390573457861
49.2485862311399 25.96521561780013
17.458222473914265 90.95805508323215
48.962192035718886 78.69721763910218
84.20841870242045 67.07279414428007
21.451263026090427 28.320444243868394
6.589222265635519 93.50479233163877
64.32260729247385 78.97307737337957
20.33236847410633 63.35747921470146
55.570023587935665 23.823439287593196
37.33708065890357 74.59961681271794
55.06301426041355 64.7169181726492
76.37021104934105 35.88973101725889
27.37076159666548 41.68099684574913
1.4647473089025032 54.225688249126094
71.17067523513802 0.7550865388609163
81.35179317930555 99.71079914623986
79.4611016349986 18.392397400614634
18.320475223460452 61.09582276710436
26.843789331963496 61.31077372075562
28.450359483296495 36.753927114367016
13.353862889793543 60.103237960559355
0.4563682161031757 79.68503225958322
15.561685525638936 3.993080505754787
79.93497733095873 33.138260089255176
1.9137112905698417 42.08786232131481
8.802996408650476 5.536136681334202
66.51258848931147 26.30393661806868
19.416623854310757 50.98217535755498
86.41165206696995 82.76966256415068
78.25475513827965 75.5230695317452
53.074143093592795 59.397282397677195
26.6560672466538 34.899536090594516
2.291500643410904 95.70775716825473
46.16380327285283 57.961633465094955
53.64809531679844 65.6683875597338
61.64195012979222 76.2861678727833
16.079865253485647 33.77125211544507
59.998924437396774 94.72195657561625
14.493448542160682 44.0693204665946
60.377773414250335 21.268579508579265
35.194125518382094 44.800185188227225
60.132428166294304 97.76262009265582
79.6383076080315 82.1548698051653
85.17968781970538 48.385953317863375
97.77685740867683 70.25668110551725
98.94704986456922 39.8109276237148
31.79213344153059 4.838545025401231
92.0021750736532 52.367618826354075
76.51689645756787 21.405309730773336
28.140843584476215 72.1061904636739
48.74138285924295 50.89157178238872
42.69374444845997 48.89766943317766
74.52584860886732 77.73511733528228
14.913855522916485 58.375857324702494
15.509230198504731 0.09406134803650046
55.96205612280492 89.27267622906551
57.08166860213392 30.86577139781278
32.81883629257957 5.964803122390894
75.92334073016083 99.97366426053118
76.75634698240462 78.28945420417584
7.077670339104536 38.53853272794723
63.71625969599663 52.3076697457663
14.040349250923324 43.87332439620142
30.577996084832893 17.08154335819915
3.514408381626255 1.9482589643766257
32.76931156117423 51.356217310487565
1.3273228291514783 96.17756575678091
40.242790086358625 68.23800970410994
92.1659526096265 68.13696438555279
15.886229596211477 9.916721446449783
39.78734957965361 13.130195425380709
4.5516016780437045 34.96419660620216
66.15499280754081 57.238356030046965
6.483855547515061 13.768759936060082
67.93768558905496 25.515736715717107
94.4310524901163 15.792870723617114
27.63071682655046 22.233586375036175
94.37997715675365 12.455192545313787
72.21953970878415 75.72007178028636
21.770009584633478 21.62467802741658
73.38995210766235 75.19578529489148
65.63323537882397 6.839528287592267
46.90861168812942 60.73099434465872
89.33175181504926 82.68480071296494
79.35760043313435 86.20867939171092
89.90661251033409 35.44863428695684
29.586988292980354 16.085272525557805
11.32401202506228 19.57901476690129
88.58123429214851 91.54161805415897
86.38325615383415 70.2715101160311
84.9506449961623 60.495196572949524
72.13310512239961 80.33778578923895
65.19349382637554 4.9386253042700945
18.991304696217483 28.611296593838397
30.909508501546856 35.28726410392039
96.65748696423736 88.32459471023655
76.27900301966935 25.29736682417052
80.8658112531347 34.85945497978248
78.94984243522957 27.290266724507518
43.251461780856914 71.04147735019617
97.7498931270734 8.91141604922634
59.486180520674296 79.0178334162388
27.061950406816614 0.9930356022608611
99.5152491170683 41.02471321033977
64.16070028427266 50.68149182930573
87.70223670715414 68.45817086873762
47.93601545215089 56.557555522768176
25.507014716642484 26.3103173894083
25.016596681136072 34.0451247877388
60.62366474574479 39.523499835842216
59.95633845815892 24.98168709363774
3.742153128415282 47.16748312546811
24.66727299715672 28.125649925986597
19.457580072124337 0.7492553671790692
75.84278824545981 70.20476245404078
70.76604339028718 55.760953307872406
78.40112765737295 66.91646594744375
44.23452425003571 90.37338830404904
87.8485006944704 61.923179154667764
49.3837725839549 72.78919266276715
51.84994955551827 21.484680303842417
95.94855682720433 34.20665296113627
42.064649639527694 97.04747982023325
18.571771518945866 21.93275106427981
13.317693877217895 55.04497695729585
61.23092014706156 93.47335149974741
71.09153407488029 56.41256485339593
