161
69.98169745040926 80.78088815880696
96.24291744873089 75.79596170486153
88.24940863971705 17.163323287037123
11.591809313409595 59.53055716052565
69.7049423423784 2.330197756021102
57.90853208706438 57.374466466007235
71.57899997057925 71.2218056246226
61.75845202460898 36.323467478593486
69.1174935370915 64.9311987409451
33.335998546958166 11.906228652160689
30.405787701208077 59.171070318547116
12.40736730343559 83.81927835503696
62.19343885123521 86.90394274920853
23.628601915735615 74.24481900548263
73.91725822311396 54.99774585389827
93.48252441453397 83.4361714633693
35.16267818482333 62.785653533727604
4.233435816374209 0.1877800040383737
6.416167418048935 30.691018732575348
55.450314730216135 63.34341798277995
48.835378137582175 80.4179718532324
1.6029215145599185 59.03745849780323
75.12912385575417 1.1111232987066066
81.41080250196835 86.57718610619776
52.98415131779278 33.964120740666345
70.0999936073561 31.437285041706065
61.7232577052995 14.076424918465735
21.871660336535115 50.623310181266575
26.494782554569174 50.153828911830935
97.88297334282134 50.88624985998618
55.591507708093125 85.72532898172088
5.560796620482966 68.50022852612348
39.13384665768327 22.31903014041865
73.80311006349575 19.354600310279203
53.573585049509795 91.35919172639275
58.55519596459375 88.1711786738368
54.312742588370845 27.5897876580379
24.935021983143525 29.793685966147176
15.987401172887717 34.34814019563167
90.95475762532038 60.09219664013672
71.10381273917315 91.954386839748
52.6770560257943 4.685861021276072
92.37813893228287 33.33271357201094
59.58864621759358 49.71051683159047
70.5638870565645 22.155801908699914
37.27598949920061 55.523155175748904
37.27410932443767 13.425396095398357
57.469981512439425 3.6474609090527577
64.02680404077779 23.10160009611748
80.13213322025193 69.20927507573897
77.11499740444503 75.57636163392773
56.88067510803828 6.381682532903177
19.134900223060423 54.82921120556934
74.66525093004412 36.145451282706745
65.39480648648895 27.46784611334241
8.509599153636483 8.786025973082722
33.08093742113319 1.4543561845729136
19.92073397069237 61.54073484401955
62.50051136829576 13.182912320347008
49.57523601836058 60.44829193821869
1.3149726747392454 0.46975408276884734
94.21435735553065 37.35011353123298
68.57027821578872 14.4779885491788
61.106723303991174 10.235169869256854
1.4888250397232183 42.294981210478554
31.706145103514405 35.712498988989395
82.66930379296873 42.808702390895235
0.09564507916625109 70.20590844961993
79.11172614314286 87.26813778977363
89.35300826435255 16.029095493357737
61.60981421696392 91.44130183905884
1.3862494674716008 41.604290734069636
27.051052651420626 30.695652310418197
31.580263302072265 74.91546556176452
47.494286488441986 81.6023931321777
58.06723326088665 32.85705002044147
89.21023430868938 76.64659162259217
85.24518484537337 68.41434676128902
4.190722205243091 75.08295903437852
39.92905127260523 87.81918549482226
53.246543334659414 63.632608546823036
51.25120349611755 59.88766122289291
52.99951353565307 38.76616724616753
69.2296634516286 63.45185833379858
80.4209536538965 77.3035698602504
1.143579149436058 4.971684887424798
78.24659436307513 2.5697322501835096
72.31427094173965 44.700845281996024
61.80487269585505 65.58429483023117
27.118699772672315 64.60144005591589
95.35508454642371 89.06392411519954
17.728284799590977 61.742388827785156
49.883076435104556 29.54273956392841
70.70273124959351 52.89574871561109
3.6520114463118536 24.176911558129742
61.80108072539229 15.08729602947736
57.56785725364397 70.84509925520716
49.17092427348687 82.98552475114454
70.9322098195883 76.50291668959913
34.649563583431465 76.13088775978223
12.257840279402977 1.2049865526890913
92.27545697149473 87.55072155835123
75.63043567757913 40.2978204149365
17.480783346271554 88.65122444319323
77.52938807061244 70.1644103205752
61.503848675888136 22.38292567382043
9.617919142454179 12.279999437013544
19.757667288039926 66.05437847066882
92.7487240223614 21.56317115879759
89.84938392680908 22.50376522285531
27.63180065401871 75.82371874950461
54.23052904599353 70.13924192873608
19.75614263280726 69.32546230114048
24.081555823188094 71.03744721542358
37.725721584904484 70.28124513310537
20.906421465252777 39.33938306833258
21.793934321590612 40.68603573665413
88.19876291267028 61.197674795509414
21.15906455238794 74.36292775415745
48.455693379617784 33.23663796530939
90.72044564685643 11.264515318327684
36.00800611683375 19.997636442328115
76.90005655159304 47.668905768681
35.057395692420144 12.389569325524874
93.07197531877418 64.02149037702722
44.3798816650399 86.3491811594125
16.653735177926677 65.89589914936252
97.5376044034194 11.369017039015416
88.78771212043556 19.87921276333481
33.82236084796555 66.76759278334244
13.931370403749654 38.534315570059064
27.307506861959318 64.76750778425165
67.59221562086508 67.43802933499005
71.92339781551283 81.52065645832167
88.4950981008648 94.75014629043972
34.65537524721557 34.54880574968132
10.384814947052522 69.82095938250758
80.91509187951932 34.45384782345672
40.68278258546256 77.10540279163281
95.49457396622128 5.4741101086854815
62.54980537727324 19.528881084721306
92.97134077381618 87.72179374640575
29.037441959348385 52.42806102346397
14.4022469597328 60.66704154897039
90.18094709860137 8.904963662927756
96.92879093208174 94.15848911696087
14.906501638472536 52.3197674147136
49.11659694549093 77.84837652681031
15.271965835909462 90.35896217753448
31.593090392185708 16.99181433726844
82.42512588835417 57.06429103695923
86.96554272976755 57.374677989464885
75.41118516417475 38.89343237136333
49.39610855940527 55.4738437525928
8.542651723708994 37.42116633408782
7.207343836196378 44.444398249464534
92.08610172383983 39.22416876822604
72.97646070895362 99.02989399535713
46.23899911123712 29.415714978074124
30.808905747070213 14.928639867243499
55.562943274054966 61.442407077696906
