187
51.14469345533883 14.584023399436319
93.06180980722752 18.309933220231745
43.74749341320962 12.704455229361555
53.41545992926865 66.68407943811428
10.831534772415319 9.201687096494693
92.60937662247066 98.16542100879869
30.04611099920784 42.94871582936205
58.783780454433824 80.36949599112415
22.947831319996148 74.39611760839733
91.0654533847148 41.73329534012938
65.65707001261826 12.95067559421701
40.451915461032875 30.027707659002147
75.76607169498682 45.18751068408856
12.391164684558175 98.54503938742545
23.77493767792863 10.280552344770088
96.92276278607048 57.669130264782645
91.54363119957151 49.93100346722299
26.50673555552372 89.84132965807127
57.06960129850361 19.527058057137236
93.71638576834985 53.111912519075176
57.73512840370544 48.964274009375295
87.44174914778456 28.972948483922245
27.538140598106498 0.345175004148246
6.300614455433529 12.547108140217468
15.128197094965834 50.42767382543567
84.66454118698528 23.776498987676618
59.161704936011105 26.346110748262152
76.11858082968618 19.73808490706679
50.556786295638666 55.41768590479202
82.30548540809576 66.28385285878288
28.684507475387168 55.33381843230786
15.53188249297227 85.96841195427525
82.42397691845436 57.863141640585106
70.89135225708252 87.97556544244965
27.213619740521665 34.16334753544543
22.67152820502246 25.29457142114514
72.8570794215948 83.76820573223384
84.60552739869803 3.20735966269019
93.66339027002859 57.516696386752585
1.1494193416437537 77.29859549945314
92.48860605596776 52.69981963613708
8.345751975687687 93.49458571934602
44.14257642935632 11.631034908600647
63.38213172475824 3.346261079660473
79.72699849887326 24.701641759155034
52.327032699878295 55.094499435672375
78.04967442103718 25.67012114485745
19.75389602278047 34.70312508752741
4.152277129004767 17.651213319788717
96.29099050878395 61.32762595881391
87.8617305983761 67.1267624437852
27.53453855456245 21.502787307105365
4.406391032663192 86.72995039309622
34.0913200784841 58.1678444079818
7.235922725589628 63.67518267509031
27.480851113918227 55.63617581202093
97.96232099339967 32.9707616817562
28.244662368550976 14.026366903313537
57.12323110180031 79.27024182397915
41.80414716550911 19.28015289471203
61.2463056894507 20.97985741999553
28.097815479175004 60.28396358467951
93.06455700508533 48.270430411116514
3.669290935892433 28.944804316269945
59.560512300231906 97.70187853011929
7.739393643555159 33.87520423315857
28.983898952898723 24.879891233070197
95.59628338087454 7.467512418420952
50.770997797455074 45.805205573954964
11.963700974567892 35.84948378089603
82.97865212157876 43.03639128955814
46.3836708611135 90.0671286755462
3.902428287165771 30.216316839762104
43.8530264558888 26.32093571042825
87.04436259242385 13.423773680470175
42.146302895699016 46.382381802114146
93.53973694435385 57.924254353448546
47.826251638769826 28.07466802464561
16.36681819685378 44.554958786937796
33.10672564563841 54.76195092790614
2.209960258575161 69.2922186628629
44.967124523224186 2.8679824345033467
85.41112167598526 69.66816942288098
88.98909657582517 91.31319047390896
62.46857086138762 44.40068341476763
29.43179777783661 73.5255978707399
97.34622975925042 3.7257235530866906
33.88982739393812 31.437495170166162
35.16100191366538 68.77748678819303
88.97194791762418 34.90499821711205
46.76180280880312 58.6029601438163
21.545066744060115 13.756350737203904
49.14104064582562 41.2076932701255
17.240907153240382 22.10333062277211
76.22396305876053 22.110995033624327
36.39494073919227 30.17898487737094
77.08709032998 35.76692920087591
28.598123634978933 77.03774496083653
17.388020277707184 29.60648539555698
93.7266914146807 19.106440008666038
24.646072951305708 67.55188301287272
51.01964607104858 96.12043335241201
10.619504447041383 73.17021767098137
27.183125669159423 60.42963300112733
6.847070425848423 64.47604360870154
23.442137873271673 67.3517152241276
44.7379207560027 46.22000253722231
92.561920946887 94.18522944101294
95.82610762616397 71.86800641333821
66.5117553354228 15.532096355766045
19.33080819777542 7.83958688181563
41.048880258733156 2.8485486694860063
37.596179466612135 20.68097673442223
16.959703642713954 74.3373264650534
95.07926619531051 27.17749315595155
9.88076375291589 95.9656235329107
15.249271430871225 79.10812973807204
91.65111736701381 55.343153935370395
27.241008221787467 78.40864278468077
93.62610693367914 48.18734617559968
58.47955525204181 92.93582381710182
64.58143103761806 11.777296574526874
9.073234552485655 81.84073642796596
84.62732889823708 28.645845764188426
22.822064595003567 53.71080655651003
88.40607328077571 49.29581008610329
77.28364363851267 96.8867149628543
1.9639908526387528 73.87324998600442
91.46429430443787 15.043150474030886
35.133423261162235 45.487533418731616
64.34793162687852 76.02052260139699
10.07945457806041 84.22177147895921
12.258464180075357 3.6456303575092552
43.679734228002296 87.07411185831037
69.81419220086173 38.73535974742356
52.54360891653119 68.6100524926457
56.32377332600744 78.78807005206522
38.62937143974213 48.96181066432666
67.31235827973492 11.220213136173973
48.65928096025577 39.98184989986318
89.14039915608718 81.7643379546341
11.611647196172935 76.62116818491546
20.302211912095146 32.282670556579305
33.22995458692942 78.60982112991047
9.087210434981419 8.909360645439612
70.51793271746463 41.09136904833096
5.624800383190676 17.29430380226108
7.566133095271876 23.59873800014555
49.81269627827668 20.824088266814535
55.152995846750194 52.48918975046046
92.6750453141174 42.215859270317935
53.545576878687704 62.31117114015422
49.855967592958415 39.36452629623561
51.440575686122045 42.09628756023377
40.5840287400028 57.336014700600494
58.15543098569509 63.52839649056431
32.15735306551362 6.657441006845655
41.63574592776096 49.82686721792709
53.34963946516091 56.10606509781124
14.544481455801783 77.92328832430852
11.301360968939155 1.9252106317740436
89.97569529175551 79.34604625421771
79.53430724773727 66.13765978579288
9.531074081550827 35.60157697023
27.668920248399942 74.78380559584028
66.73028948837559 35.48233900764052
90.58752355600195 74.12517267191589
86.24909907978837 18.372731163372702
2.75178389533981 91.29077487887024
80.43205315435489 55.008100260380466
52.67024888386243 12.199908104922963
55.15564248234792 75.55783059280634
82.39821400860575 48.86400709737768
90.8067158768777 85.05387307685766
75.76153300584787 76.94392185238576
61.8924973604405 71.45991040372233
10.391647767916623 5.35730744766375
12.459148892897565 43.52067460495655
69.19713084333013 94.00972138198306
49.42075273562796 23.640575700970203
95.60541499863507 74.04896865531727
58.31559710321015 24.69967183152636
54.7651334877849 99.81539361813009
60.53583422186675 16.433258969843443
36.42192172766931 46.94546670473694
51.51357127296927 20.069743623205127
13.221489880518133 2.0928001645271865
