185
41.2553956389105 18.686018251985026
33.649680916578106 1.7160711534813466
11.416213747964044 40.78305987509957
33.62740548470905 11.130051590970226
72.83406061082144 54.42261596853761
83.42367459091825 14.455049188473634
67.66976344424627 88.325378490757
4.9947843202839515 9.429474609815836
54.653080714568645 96.02539852293623
99.49810192715584 83.87049006788311
4.237975425740381 59.615029821733025
88.8719059593971 34.09176653188211
15.058138710393177 73.39751649731267
6.860282818224728 78.153414496165
66.2965455991648 2.2068449734922724
42.29664855813529 50.97741475520227
86.50254316303285 6.247679030217002
76.06087028686426 23.502852539289933
45.44165044721365 63.25018981345494
80.92133662910558 55.816144103135265
33.7159130937482 41.32786440169228
41.56905883364094 82.53688060768187
26.548366805933256 28.356350848158407
81.2074339614581 38.127596240055595
76.49681479414818 88.34830454687807
54.88832446121384 0.13534163121033949
46.80762919864052 64.48280771333901
92.5794389974058 68.19153172594638
47.69799269658934 28.47317635584944
92.5963820265465 20.68706264201562
18.78546782994355 4.806638924822115
21.1285821927783 32.348311999963975
9.979152071654251 57.29322897152338
99.5065106783574 38.38552378848541
97.80511783963753 70.9242613448573
82.41901758713345 54.99426061646256
83.89791781913794 65.56065553206349
28.983241175408203 95.83254393427283
57.86343364725624 96.17825062104536
46.634214615114146 17.3126511096662
7.2692435848262456 23.722476938800764
48.46256057067043 64.26493858955853
35.77027598405633 60.03676673093047
21.51046906516815 33.769947977899214
86.56122155391239 56.71169582688355
70.08058198392321 2.3927850951567575
2.637234082879625 9.751882981652194
15.717121749658503 57.25485726093535
2.5709684226895013 33.868614259886556
44.603498872874695 4.62939366136551
76.42616504308614 65.10826185857495
62.17277817551856 36.50465622963721
35.76967434615036 89.58992087824488
83.04054723259571 33.86502868682826
75.46199825619738 54.06864839778166
73.97913809672558 15.891287043027669
1.2815983292571054 7.965462259180045
7.226253620095879 62.536328457452406
19.550324499801263 49.78714984382464
42.00400053452608 66.08362488070125
63.93743993151304 24.350875013156738
0.6400126935537931 50.14922267077585
39.96362473919856 91.22198837588455
1.9571333726273843 26.780491684067353
80.94943831960978 27.258600729096273
16.5321721239329 31.817077172300767
88.18883608425567 16.968895862290566
93.25918732686648 50.629614832632456
5.6946653361897415 6.416652654124166
71.55102297407123 88.97895387786517
67.44019340208334 40.67029497419195
9.05873212999545 0.5383544993968425
81.88927328730655 2.570858713542812
76.54328853956501 39.8305528563639
67.47107919505437 43.918876194230926
73.67723834322675 98.18969652545636
95.22159697689635 37.3127744886167
67.06017807461326 90.17866982580217
89.26337417745057 56.35283882312825
7.64062130480867 64.46861667927504
18.26608148822959 95.76916946926045
34.542394402278745 77.7012188898571
2.9256590487500844 57.27408900581802
1.1925699971431225 62.47128465126545
11.392867131405227 52.442004597426184
88.9413648302598 71.91177665909001
48.2486555706157 21.618361395071805
47.31852804519674 82.10149973874255
9.62390485370792 5.85822345818795
64.96697985933736 6.532115843912378
36.94300652544502 48.66908367262073
95.70446300234798 48.41963732967764
6.0156534068329215 15.286758179954118
54.439525298547196 78.25831919187061
85.37714101356933 97.43601610046045
64.82911552362111 42.0619083183029
32.14175724928852 87.9879202059008
79.54246650009111 66.26849621371139
77.42911680290666 76.26302166016832
81.1712433725407 7.457520022984621
63.25829543463427 9.665699866049039
93.03671652202382 80.21395543977961
53.419189036743795 45.41840816198528
96.73655128922123 36.3044514346798
82.24093994988293 66.5553244698795
61.075089719197464 80.40359807664615
34.655917281890744 55.05080305918576
59.628693802612986 58.01007977331255
75.91165687119185 1.4025587690407848
31.50987137201521 25.58936969916834
64.3174081872008 83.76367836609865
80.95056997435891 62.42180779993066
86.83380751427742 43.002189987117745
84.97430460572181 36.72609583640606
46.21912962581543 60.772956925093965
75.35058788069571 26.573860164105934
93.15272625725099 18.05410908731604
12.406434566373271 46.91045064339551
63.48359345191896 40.05438055662724
92.39227267359843 98.78295067375544
31.11668068745749 59.679135698855134
37.594980930258885 61.818559384292946
79.7857477538699 3.4773843663913118
32.42782225462706 24.386436755446894
60.729123865093 96.66790735683182
64.65578240942101 61.94931026829155
28.054258060643768 52.648491269245035
7.751498490682007 49.964870237050654
74.3800054901603 40.54730610145138
30.90520277365737 4.459254903375099
76.01081997197335 0.5405109685688081
88.30827192090811 36.05600932519828
28.1488352322002 43.32819941669522
16.454571055139166 2.3699702729048755
68.87350836341459 54.510746151453304
8.48543456436106 82.24140506547333
84.9774878301136 85.74146816865813
19.56455003632478 45.959215434142834
61.010871779040535 6.3874493643871215
32.57261550614271 14.665358516068427
97.4798467428396 69.56994127124435
20.365154096961913 9.687032785714035
65.79281702921413 36.78623393782189
77.37675789160625 47.82987806354537
3.5455886281123505 11.539379895195944
72.5314686073089 8.2208329341248
5.453317169621208 60.784857062696815
35.09192866245188 16.093336573968408
4.306353900527748 63.09354326012625
50.708657826423966 13.85630572673472
26.053531680757626 91.61938857957882
25.653557911758618 30.766062404848306
21.5201959119937 47.82126495473883
66.4448083241272 30.465494163310236
24.672032624261455 59.89965069530447
32.069751708823105 27.872039635929113
2.385855757127908 88.15258646297183
45.38116697612288 7.741710649599565
37.2650253842257 50.35077862108432
79.44740533786177 35.826385448220535
69.73019408924476 80.50819609107582
35.45824020476073 99.27544903417099
97.83608517655624 28.80536556897919
95.81165900476152 85.12003279679857
7.659426164988103 52.365257712482546
53.424945728105214 59.18507797797591
85.00069815717757 51.18167639517198
2.6081743828901938 42.259889363562394
80.44080014098633 11.334557497884301
58.423720947496925 92.82861753807855
59.06333662659148 2.39146504689427
54.24374276671446 99.0455950426455
79.12580157110423 59.99080971486379
38.924109404637875 88.11548826103052
15.950406274053663 63.175415534398546
32.14386899045344 29.749937481153477
99.06020441597387 42.463520410013786
45.646774810929536 49.03279888860246
53.43835596926607 58.497053104625174
48.46041201809355 17.31301875277145
28.25124824982629 94.00906139170594
93.24086512288154 20.958908297689383
62.939638315420034 24.7146005201628
30.619125801795388 24.323791436859576
10.022589713697915 71.84505362748197
