177
30.681649486862263 22.873619920451095
96.60933750138152 90.22183234745017
43.320871660237096 71.70982039645179
52.647313421602306 12.734503485309522
11.497778709712936 35.35967974883395
33.62424223612446 90.79814730405673
83.60237266534259 72.26097404076347
19.967777376298145 68.35809619581596
31.54105292744276 96.80988817476043
50.366818104665676 97.79452580531792
23.71939250349352 63.90227267869002
65.0977729918228 76.43005982468776
74.73268471661758 20.190723547627552
84.2178415709246 37.63330007794167
55.77563591284669 17.287494506480815
40.492971072074525 34.58145382902521
37.98338029454995 80.42658304693468
93.06807836600989 19.113408286756396
42.79515245937684 23.854332429487247
27.099862327012826 47.74829746109579
66.27263814866646 68.6427961538185
6.704790357495782 79.2850708531533
97.96196734564997 48.41895484994445
7.659485420893031 44.11130484173228
22.40982699009766 96.4733673519135
38.350812059757885 92.25263663355423
59.701089202424725 48.61944136839168
0.9250547855147118 64.45992165706869
43.76866004927056 61.7189890052171
48.09515115693902 85.43354246999876
26.671685899543817 19.116300317097057
51.739335666016004 31.72824147825304
99.17100872242965 31.03882068946373
24.62360784890737 92.64631059608888
61.679028059810726 34.32813963718595
31.261653793110312 28.534242723474257
4.2989384683632785 40.737688674679006
32.57059125087862 55.44999990757539
38.83422470965985 31.866895759917035
44.32594598011582 8.841579137608113
39.98103755270373 54.28977966608976
77.15439363141166 77.90668105303618
53.51296120615342 7.264180416362132
30.299193070349663 88.84653479937995
43.569792939026044 19.85320600521485
18.868790127553225 32.771781576835224
19.439945808476324 32.703107217113704
19.348194621630043 65.9903423284236
88.14026900966158 39.974523119899864
15.597637536141384 24.558025793446923
22.377044090689648 99.5887977631756
20.66714668970311 30.650404468178806
61.81671003841364 53.68540062155189
50.62532790790974 77.73892497286788
66.15692617449713 51.11830653150628
29.938072489076873 98.75542321083812
19.208348637691465 93.55385001274905
40.844515689273905 26.649752189402776
15.806288655646073 10.07452508282145
16.225294643988587 98.81234199535645
13.83925046319857 72.17871495839118
75.11838346303153 77.33812180104832
36.96459543642662 37.32581637697847
15.719918745549965 98.59168044848714
91.02867474849528 30.43720832653135
88.6057332583375 53.373948936437124
3.213049676020252 42.22869646698004
60.3757694506151 7.063026633640835
77.05290075885422 91.18900344110719
3.448139775471648 45.513694135884485
39.85795917875543 79.2912715234148
90.24603692918166 24.82379363145689
10.398040280786757 56.621335274045926
62.5534532672145 17.31955380619664
31.36941383676065 1.3869191191411834
65.04668601134992 34.848113589896656
57.812332359463014 44.51904946946169
60.456713014106754 9.215119220946566
21.200635593984064 25.527797609240523
50.60204645450541 81.32547102480581
97.92130965339729 24.121615684677632
57.560002662612575 97.81154654244392
60.24302448953534 31.15308245959555
58.864079865546 53.90179073897657
0.2237196390872609 48.61603279500475
14.462614727771117 54.04300622947912
57.06652479154061 54.105842670377136
89.21050173724684 19.382269911656824
35.407928406247976 44.35828248769792
33.05336427751071 95.92071918481741
69.34316091413633 7.910501236128475
95.57990176793278 67.1767403582556
3.047259280206016 5.016679364019383
28.850805344744945 76.05373799319194
66.08566733108265 27.39045296343314
44.64099234536819 44.43678915097843
41.65229241997957 91.34577282246894
58.09018421279279 26.070367584767517
1.4021815804096893 97.65673340215587
1.2719766217058504 77.11877543162878
39.77815915454512 37.144309109710484
50.44520683709054 23.15710427208043
15.152253628357638 33.51038141786902
76.33847512498824 22.666613180659823
8.792381980263709 29.226990093448347
17.355251924322623 73.95647222922823
25.9474741740785 0.14866271265544517
99.92205130618234 81.22249991122976
15.764390450647458 2.8373593103950046
34.97950039356543 11.440665110488036
37.89117786036008 86.85815671967376
19.081519399113688 51.5063362066829
37.14389070161289 49.44688004436206
51.599563966135285 33.49748656892838
28.828600191773855 9.99963845291888
8.389804788334231 0.09153387239788646
79.21352457825006 39.60694850343116
29.65605871916538 60.223362325495536
36.809139756439336 46.83461074502709
25.978533242586078 9.755764657074872
30.843472679433283 39.27092467809644
67.59362995276018 31.772076017056015
15.865818874260063 6.802852548266724
91.3562574985436 20.771224673577006
88.59906837689388 89.23702365737178
51.576793015618314 79.12367097107771
95.72257871660479 96.00857570038171
1.3387834911673946 63.3365668663259
80.63532951804065 36.812509914814626
35.66811140655399 50.64248496679404
93.8831104597063 18.27883096770293
65.67541701100558 71.41994820306986
44.89460394818459 89.55473193449463
26.238487869795645 46.294679559667514
87.93354144341147 14.080987432542402
58.599447713404516 16.87599821691951
97.85060289885902 34.24203294207088
53.49422151275023 94.4748815988404
70.00087133886001 36.93268491707271
15.759234883858507 38.7555680446114
84.02617529757673 47.347143996263505
45.04059940443527 66.63155416089131
86.4914960034755 60.49769491874225
70.47260238027042 59.0772379790772
94.2591755473108 3.338721092096608
84.87444357844112 4.661396326185718
7.609218291246944 16.888047947181605
40.545089689787 99.22969744898475
15.365951234433673 4.213940569878605
19.114335495251478 50.57297734223047
57.276068357831576 30.604091090749485
28.968093340571276 62.58982915412984
30.973963032150987 75.32206544700308
91.75039008858636 69.22938098615829
54.43430903016171 38.19506466331417
69.08441303183649 56.41626750707418
54.44877425961112 60.94868984709899
11.888971089083356 52.108958171596264
26.486892216061964 60.08405794897722
61.238459178810686 18.653766166590113
59.136930718159164 71.07635206900562
63.75875989362187 88.77114029614104
10.46082669335905 32.53938266970488
59.33415694862774 29.130340766420893
77.46784014365096 24.736232547162405
40.02794804866894 7.084029820176263
71.70311823021329 18.46062497797204
58.25919108656099 25.554754125505973
84.30487038480908 59.34325595805778
99.27240513772821 92.04250669783117
42.58356149254501 36.33296137525468
78.90851459191562 91.32260585165164
33.28450765097768 11.085526820481418
0.2512018098476676 41.092334480803906
78.05900349852928 91.02011470330024
70.17154260199533 82.95838161180984
19.55303235994078 67.00297040365703
