138
80.94657895373452 62.59117482488688
77.36275577652741 40.316894343916246
6.044921312559925 7.587829103091659
46.83897090538663 68.12499216660694
66.40141331254881 91.2997590723444
5.425347339965558 97.06063908454719
26.37911901395087 18.959398875418998
41.3227221153306 31.222315540839453
4.159727712261995 6.81636865504932
20.87550312257951 4.133385060187766
55.946482388159204 59.57565159047701
94.06182610350844 30.75536620004522
65.79524917968321 73.86416096462499
92.33778901187065 45.96195284354649
65.72192687948096 59.926980698762755
12.621432463450377 44.31715901775116
26.10855005248185 38.939842580438864
98.6378800646342 57.81535757767928
5.013503240944872 28.65920315277436
68.24833214889095 93.91846883179389
83.8080381999465 79.91419516083414
67.19281888036882 87.2584334618162
28.316488171094267 62.151090918739435
40.4794920274002 56.14921444819581
54.116175383149354 48.937221432733466
20.878811027970468 1.5069798286302616
60.37989669353914 32.15089894120382
68.2183526251617 57.99179651249089
90.459302324721 26.928835488467428
36.75717361388139 24.7122156538919
82.54047491892844 92.06276478780609
91.50046024131572 44.9091381612442
48.344547353562895 33.41246668845035
64.06486448608491 0.007699250587034356
43.27878785786261 62.4051799296376
94.09813032983851 22.663113011815163
39.30700908162758 70.56054544432513
36.72403450075643 47.92901092071594
23.113620625754237 58.552617242492424
4.3360898427754035 83.23756867719739
8.696900700693277 14.160151972290402
34.79341694000091 44.332974767812495
22.968806184076218 91.40614886045299
98.69902645122667 16.566909724848212
59.011001722738285 26.72466864048919
37.368499823735334 34.29614767109117
37.000193885381314 86.04319660842607
14.952646823422466 36.307269219943436
49.581099331676434 45.65921670119945
26.62723330503074 42.7732201640779
40.036342926193235 25.37227983564616
16.337543100310082 9.32234968281449
84.29435956279583 56.539616830283144
82.57323978633568 67.2681656749265
82.98665363431329 34.28552471456515
55.495678840545345 80.60994530890834
98.25189837495853 6.418719468589018
92.46277805022008 88.68504403418397
76.19208431597438 34.36665854574931
6.786574816580016 57.988437493876745
29.438633767154997 59.00295923582021
52.956975116491854 45.84370281908996
76.31814813853197 81.95058998205845
62.81419408697957 86.9335368252546
3.336734330566893 3.890736878746659
28.93137687523446 13.390245192922812
27.631285474450728 17.561712875230416
35.80138312775778 65.72578998547854
88.72435254885896 14.985090850593497
68.43166982043782 46.96699697360729
18.964889261719243 23.84397125314839
45.04963783910838 23.203591314195716
82.35248850603703 41.89196700246449
45.449415991318766 39.4847736211999
51.014995525664176 52.78960322338327
50.19995257905524 48.58423015391352
53.09104589273532 4.189101885103663
99.81634558853256 10.573615674674707
39.71206173739944 50.987361838797874
92.21891043218719 93.01008371919283
92.72450457950238 85.8327942426677
73.68496818990245 62.17258212592418
58.93052176498526 46.78493344537657
90.94635099601622 37.31330086651812
78.81761647772724 87.9110873379175
73.00291069231538 74.25323167667139
53.38368243685391 70.0230888661844
6.229510800732141 32.965396647938036
10.076840140988185 68.58753459036149
85.42224843299194 57.487519306050274
2.1343228564268846 6.996013247875399
60.3206747437704 18.743132536943463
46.444274004410815 79.47341859836456
65.83411952957587 61.85237784900182
25.355657235265973 43.10466874574864
37.549237458120565 36.055710303040875
3.3955836280707974 9.316210075223786
91.30212616489655 1.3026159496432044
2.322899849632687 82.47168786170813
3.2425745311070564 2.869411122712251
99.66292521288564 39.59698074077676
95.01702183578627 28.495175013556164
55.533113344817295 26.168770707989076
51.91046133693872 10.741171517641646
1.1465983754123998 38.37465339408378
61.231189590176946 67.71053691094725
35.44510548364974 6.251576049153873
26.486514074786694 49.59203793843731
61.98310858175014 99.50152081455535
93.99928116597027 9.569775571867211
15.886407411363134 47.74136158691172
30.80903540090828 81.36333564501325
57.34544970534705 43.400309302827075
18.316730349455945 45.455829636092346
87.08848069381267 41.16484046360151
72.44064309381609 68.16781536934559
86.23390197650916 6.658680894333502
49.60469299623105 19.800610864036226
28.96215985208673 14.937283836050486
61.448157469144626 96.76095589426954
29.11291860409271 82.10966425863424
68.67387410744303 32.88076211182115
87.06754570507324 11.087002874103625
75.65850604067543 79.27403487110476
88.14072120824254 23.127335069411757
70.63924467426018 82.11444494281167
83.80321636031199 79.79239184986857
84.40369089756501 80.71736729236365
78.74354862038562 35.67898604608287
64.85047868414 92.68606925304636
64.99148252848654 5.808818511581593
79.77168444997126 84.95987876489596
41.38653189099174 48.33711813489877
13.122535161517824 58.040463602334654
27.698974881912097 67.38238550287386
45.53783610406179 28.5849313246623
6.600735380221812 31.517189960192272
71.43819587636837 47.64215030782292
