146
85.24005729678747 78.54067940597122
39.68411903368592 66.12464976431099
56.09042954381476 79.06888005950677
2.0230865342136473 85.26552268600075
47.427142863658766 19.9536362317014
78.64441261626024 34.91054623927913
98.74699916142427 90.5181326161664
90.68327712238649 32.48157150372831
76.71622415886435 99.5214425781026
48.279346317287775 2.97270799554058
12.945133016823608 8.747879809653636
81.1758662189202 79.18245543407619
10.69885695376811 37.755695134380154
52.99121611912222 52.97780964414098
5.125309653209442 66.53450975738615
74.71770800757824 15.317729247487167
57.14800398925687 86.83251033220692
54.203053994638694 5.802457074818424
80.20098369553229 85.19135185578124
97.64446690252564 25.033051846365385
34.54408179360349 77.13665646421656
84.56516936221479 56.30506989755473
64.98967913027657 88.5090438804148
5.389192513718866 79.9075901216594
2.70321353283971 9.713423895439155
40.15993573416489 20.285344845299814
5.317558724189563 26.534014501468484
63.20966215915508 43.67140155888778
40.60246671115865 25.37031745186208
60.51769397293091 3.1700354901548655
49.17709643016692 60.45056144259443
30.61011024585 91.4005542168583
88.13954230631428 82.94247165388428
19.011994427355148 54.23054552935033
35.599839960394554 12.251647635945107
51.451147699776946 37.15135199932059
99.70665805254689 33.737318484018516
18.036504119401087 28.76550168615658
5.094502855062788 92.76812429277592
6.403710189950984 58.7821050705498
12.971785184177055 28.7032268350748
10.843482040710873 70.19951305005131
5.935890635680319 0.8459675802849675
36.967815667269896 99.51823202641485
47.30269092905124 79.70048415047447
14.696655491252697 69.13398464292217
78.68153785041409 60.65688724646494
22.32116051732429 71.36444611245658
53.8379792404005 72.30888824535609
35.62781118881341 5.648888981620659
11.49563997961074 14.05841169520805
29.727146713375074 99.20331903421813
21.998089117670016 20.285093593589533
0.6677593491176248 3.9526355600893126
16.587697343941755 50.76062614391864
11.211795389496693 3.5692316274108515
52.518179967867255 50.8720486190263
98.1329050866544 60.23271230513435
44.82367548682784 47.18371374945301
58.52588023805188 38.224576290720336
26.075135043114305 29.433260720298037
71.59389092508295 73.68734050892164
18.911536284606456 93.75647185128547
93.02662740347498 31.280409345754112
1.9799173256967784 89.02000556137057
94.15406689003676 94.1901315277998
55.34153097231667 54.157720398386175
12.59712654318581 42.620965655742225
13.310358310074822 97.40899445455312
39.467636691416985 77.36273916261747
31.494798873130236 38.09917150971578
98.8361382454717 33.58695477335727
36.61440361500829 39.45310447592219
63.296094728201936 47.02697893251142
6.221719231412582 4.191506427278213
68.22439556511449 85.82266805126983
82.22066507292894 81.2997239709241
89.29904078738195 53.67973513458071
89.91715399780075 39.94720411714256
17.758945854978357 99.1271595695276
24.996708573895575 60.105550325165744
27.02923193969149 4.876115649674451
74.47858653448128 68.54551401685151
39.273197438781416 42.50086057444946
3.29364162178567 92.18462470217054
94.88734169965078 26.758554387731003
29.190993222856797 35.709414112400694
21.923288497868786 64.1357035700207
55.699719748470635 55.195416236599016
26.929489829994203 66.00015525383273
27.370350049374647 22.913315566537907
61.29843959064923 66.54406399209772
97.55489306627837 40.81408707043016
86.49208079351295 27.004252948264927
71.25992855548047 63.680326628011464
6.683462268304274 65.67289112305501
93.95422513715505 81.82440591249313
84.63964204959093 91.69050574859352
0.15087585923970748 83.62147338466146
39.978949545836095 51.06078713841533
59.20061658218073 84.51395456548674
87.82010375137553 80.6017966672037
3.353384163970219 11.528608627007042
93.27241420067769 82.7731589636958
34.61813372126247 40.38589280147195
95.60251315711072 12.90999770972876
55.62525238846215 72.8531406864009
76.85698256051498 72.60289365685085
16.632773214024454 25.455526513874137
1.313153911583298 3.186510831622924
50.92849291124158 84.22731531295213
46.111106687024225 59.26257672118223
41.182651247747145 38.07567998483603
78.7107743419383 64.60724113333876
70.28438476730359 75.26361301536649
15.227837714388116 28.81414461690991
95.86574680880865 11.427758553150758
18.874098655523852 15.216610858828616
52.83516816923965 6.160821936238281
27.890381951064057 27.38441588750967
16.486557103635825 22.853602734551902
47.819467469350265 83.04670930326517
70.65819387011437 59.479008506480845
61.28958304898102 72.38716803173139
74.74775530841869 70.43415319719088
9.473319485422849 40.63054864395252
26.912617497350944 56.7836756601022
45.78884637130899 7.08794626975866
42.701457226667436 1.4488989311330247
83.75934161624761 33.61440431832779
45.6317678482057 80.90280537190971
67.10092164014362 89.61751267266709
92.34149412796285 18.188152999514074
82.90970399763938 78.00431928297749
95.98326864097788 96.7752717521718
55.416946592714744 28.74899496597131
31.295298239291792 78.20142932121573
58.703141942029816 38.56359657394927
0.21651308787909995 10.050136074072292
1.5539417324811566 96.50417336850559
86.00333142346128 58.55467355391605
89.2416849461512 66.90646371857349
7.8611909505206246 62.80002812445219
9.125386251128042 2.1101458323520506
77.37665937373065 57.89552801902536
9.896984861077296 31.24318028759323
