21
30.328633778940027 95.98966335990185
78.16047883886068 51.52668063939836
1.7850353525210805 20.73199653814719
77.48446549819784 94.12902574698016
79.66410288719618 15.933197108468844
35.512702209938126 60.03898349768502
46.954223860129495 90.92699730317798
17.274013085396376 89.40505644118281
85.58442871356644 1.9472530167700675
33.76369331466806 93.53862015008525
30.238555224077658 89.68914655369903
91.63353151296876 89.50277218625054
81.69936757948899 56.398608738192614
80.91366804070893 5.146787823158061
84.73620127340503 6.889388343219394
95.71395365153298 55.57878251027084
41.52694405281405 13.456347874017105
33.99529212171176 29.70963104622708
14.339977285841531 6.806829926340196
95.89225906028025 39.895792597282934
28.172955979554338 53.58357182714882
