15
64.2596806502205 23.09207718130596
56.3703929887564 38.48012239313853
34.63417156273686 27.62588464773812
79.42374858089228 18.333845193012433
80.78827754952597 97.14007937713578
48.00841147566312 91.92229598748885
4.568431981836973 3.602573509544127
73.02724717096767 97.09027581653395
19.016095372791153 20.209669226182193
46.9513579259784 82.3756321018475
55.16516203341468 56.24255443441317
2.623653046869423 44.61027668708002
13.825150230108918 86.2793584735292
74.68670034530159 75.69787261582022
37.138162138220096 6.590912604611276
