125
2.7238604794928123 19.677537182763828
76.44241738140836 36.00569333443393
39.00416296849216 37.440773361716865
32.167812660771474 12.813242958424908
53.991967612350486 99.93074598045789
47.43152428378915 46.41586934609625
33.793966926500254 71.71428345393586
50.053373097882684 9.787170045582572
67.81442342574516 86.24910066681664
10.014447164439089 10.317828954794505
78.87530884451901 25.69312338737655
61.02624793090463 45.203492404954325
2.859633575142917 94.33812026113671
85.7737219356522 66.3854383511822
94.6930914250745 3.8839233572062426
28.58082864413052 99.21573842610981
55.519244080945484 99.75856584355515
73.76303593113805 30.98684145425078
43.21755554505751 9.55927674331779
59.82196875659957 14.895605895256093
32.964776104645296 4.158061054158257
96.45961158758726 21.592340385680153
13.145200017172264 79.32636907027155
80.70878921014035 49.09340161154026
92.51377003294931 13.72978830503464
74.43832961767798 62.18156560238709
71.75866598395561 29.056275555365318
58.24663084306917 20.593046201107658
11.108365574328428 80.29271831731853
56.09332579732338 79.55922997187773
15.208800640190335 88.53144273072635
75.11228974341756 38.86150681654906
30.787787416560754 54.01597888177746
66.64291410842075 38.79222657585808
85.87361289179601 79.28614342322405
10.591769136660501 30.65174045985435
20.781926924276796 66.14046580854335
33.70114571848358 74.10552279167645
28.92513959084848 78.85728082354571
22.107692174563752 79.26686269001706
0.23772105354969986 39.10071018189093
65.48901228548712 75.15818290463689
68.48374413408611 23.228560535675037
19.0683799926876 71.76528382824596
82.48203632549938 98.92778536074974
46.8128792499933 54.575795145973025
4.609624856530248 97.71844324300865
99.09626796928556 0.6260364436307841
82.84074131776524 97.49327039478456
48.685526664029844 36.02691461035569
31.874533278516736 49.50450716155911
17.777555477163066 82.91788594360546
44.528767683175 67.2433085715569
29.50364366372751 18.429659249079965
82.2567125787255 75.91079008587649
1.2110034456604857 15.469049086648079
28.20913794438198 48.59869672366594
72.69924907253522 61.806793872450726
83.66411692859575 47.11195262788739
24.935007220049688 86.95054964913398
18.55927528987428 38.85178191206259
65.2920468141016 32.73644103166359
52.917294129366354 17.056521719900964
45.56046723847476 53.701791026656586
73.22032310006648 52.63089998810195
54.5344427502831 10.103704324957363
76.38848326677905 76.18731294248519
59.67039806239678 8.582669397092335
8.759934845493522 76.75884374505911
29.873205024439496 57.17108394839647
96.17326280605761 55.48506838906137
49.40891629279464 64.04053649374366
30.90196125117608 26.009549213558326
81.14858392347892 80.73335392334394
36.31249013647933 44.42959446236638
67.57836283017619 19.957805783586814
58.37214331542814 38.265961682688285
53.1877118791264 83.73277900652334
31.167732387068103 62.13087791180782
25.974485163758942 17.740205364645302
86.23029552916856 3.532229484675209
3.821712286894008 83.69909498836722
86.46785258050511 94.72491026909509
23.571117875443402 14.424082549790718
15.402088743651932 0.1821039216366449
12.90245505223333 94.05510337883506
91.72647559565983 70.35637097361604
8.226507342115841 49.44004420268845
19.612003955478198 12.770198676382694
64.62040910691913 40.39585265979937
92.10291541998781 63.75493669247566
24.557016482272775 44.06356607346943
43.052815767933915 50.90902118546437
59.19005510222802 29.129366457577387
20.49379402827961 37.01088287543024
2.172075284528374 9.301390031276057
96.48655001416773 89.81432068196466
29.954053850841323 14.774298806619669
82.9233798896626 23.23313437414679
9.792924628365807 25.65906452181128
0.7802052533170789 7.850622842868582
32.19187581392359 95.6903639771084
35.003682382401216 26.828167485897826
80.59061207819039 26.552965896969795
10.689721585806499 71.72875646177353
1.3981359907497604 11.5722001853239
42.29511569469755 0.5900105018884827
13.329265103154043 60.49013138794073
40.8368977962609 95.41435380135476
88.47884711535784 84.04613840581888
10.076224099533315 78.06531917766561
12.493170113902618 15.000581748993492
30.75728200829876 0.31718448499871155
92.78398355053399 87.21770451607236
81.29401656528266 57.04397720556227
36.527418385547115 9.045019314791535
83.37998536409721 24.414456861206535
30.713056847888687 0.082572111290935
70.42230392955258 84.76176907243111
46.72202596447889 84.54982890181405
24.036368613978375 32.561647575305464
65.1934633297113 46.07433040557384
88.78900587202845 92.66994681639885
13.92982554157337 29.42288996007356
37.39453132084274 53.3229563884798
