103
92.77282351239951 37.2058884547897
22.70087109089143 32.56520689679794
65.38421528326083 72.69732910530881
17.70704567936989 99.68015437090146
72.19339476495296 6.458513863357773
79.50050909343155 83.03951304136696
65.24969744720521 32.55844378078388
95.12174636293173 27.713656911667805
54.64458421612852 40.784339154539275
55.699393325737276 34.73927436336627
56.93112756664781 66.72656400617117
86.0549310832504 96.14885645367056
32.60672003365006 74.51024535896215
56.38430396886175 12.959576851682641
54.37962682143145 67.18117465797869
65.78875289776785 80.6815926667836
90.71744144169604 36.68414660431073
66.32520977762483 28.21842221953742
86.39825447121898 27.964496773205163
29.87385900568178 69.08034991014713
14.821340576689224 55.71557196099404
24.13266794010658 45.74574650248903
24.489134617499854 16.80275756318568
32.31638042620225 85.80737752397121
75.48767365894567 48.54605376309441
79.75437946021484 19.190738820268926
12.580262862177172 32.43127353247499
89.46358550761381 19.492167493425473
32.22981051969547 83.00741629195525
32.10433310678701 26.64813871099746
7.597972283786536 71.37097903994042
77.9589005242608 19.28619687349554
5.389104813385059 4.926983205889101
24.098956972225583 93.06526424266362
2.5288899468806414 13.792078575554822
80.9133234698549 79.17218326345376
25.394389185253985 37.70796843567021
65.9712638429778 30.526369329505187
78.11028954929142 67.64028572406336
2.5069524043468294 14.600318799111845
54.04232380471152 81.55130568546545
76.1326418024067 69.15479210245076
34.19428901143796 98.42155824640457
67.34929583678526 18.128972412117317
52.67998030805816 37.10430218626277
3.141024940706383 10.282492513721465
92.71602604874352 27.69898063202316
53.60069170718871 68.09240282126993
27.04452891693969 50.60617498838988
22.03225994146831 78.00049627513529
40.714550925518076 44.61258144889062
48.31447292498549 2.3525311660075876
32.3066574285539 92.58109222597209
46.45166545939491 94.21524506319413
51.12058690975918 54.206064324203076
80.46497680802182 64.29145985005637
8.112097592855372 13.797585782453881
59.48998733460028 50.7601596451136
3.368368503303154 58.95791890174061
40.398418110265446 21.874655390884012
62.41611228848709 63.243930270050775
89.03980526166292 27.948641621805447
92.81675151423389 33.40650020257603
36.44453888125603 85.07946616249575
51.347445156046724 11.830594615509094
9.623229015821877 55.6781993590247
69.03135865472125 14.708195849914695
50.24127007112341 66.34772902597528
97.26491064742669 61.09599357556359
12.405772732506327 98.96220328142319
2.7121001425744695 21.848124751507324
53.813114087565374 73.96665908511534
23.2142300932791 67.43610656717493
36.38495088855568 8.756316198639913
71.49719705213417 4.143538972852678
78.73516573695917 83.57736324682537
59.47684185827187 79.92489239911144
37.490456714253426 26.30528664893932
41.50709212438226 29.538349813631438
64.25541253942025 86.31970203835392
39.876325753479705 14.94030816999028
16.887924857130464 0.1864904084636576
91.53208957635678 36.78488642276035
58.09998822573705 42.7133223597223
3.479102297082337 7.925168407238214
0.8419684702906882 61.70014952030704
30.870934044608912 86.52431477758914
93.84347558320765 32.81810769892219
10.575560826072849 38.60485913062804
37.39411845658699 66.07153399467319
42.49222846078747 51.996367364140575
27.68430381377748 46.402441037663856
35.66375237190721 41.91478460550376
18.400818215752444 60.52967354015919
59.23705727021393 28.947045671548487
58.072477961102955 54.27971697331419
42.998636834464364 54.93312376620445
61.237540662646595 92.07278157296214
88.41771670028098 28.68437987877268
25.578014095298496 23.04914667840976
64.85207357679992 83.83114697983804
67.16127731256941 51.7013447675201
50.162363176010714 47.55134015382807
