20
93.1149056215605 4.299714128232579
65.27912670955371 92.47128595506562
35.53524661277463 22.739971070109476
59.85184375172984 65.81813287038878
42.97601708327291 41.693916390480844
35.292210655289594 93.89365775522998
38.94300224934286 40.80532647415988
16.3400511717508 34.07303577840306
8.431118562585194 45.677295431699406
59.928414668175655 59.96903399552947
41.097960151420274 56.89263558372738
97.44077659827693 38.53486981097799
68.90450468077805 10.011184202810563
35.36027586382302 99.23333117318481
22.03641741918694 68.2437035773228
50.12926161565018 92.01783857901694
98.64168518368274 47.10891515878461
3.305535457753772 18.426407707152435
87.34439240075882 75.33103118950979
31.68340092836065 67.26166291683009
