127
90.52352176547232 83.93497887120822
23.680802823934656 71.36279625463258
9.53448833785181 34.82038042103513
54.981996218619464 53.30921088733578
63.36788781396654 55.09025523902585
73.11662646649081 17.44085521644364
56.81106731050125 56.1352963013528
33.218071543489145 88.30049711913242
87.2865009950773 62.74639904596192
2.1619846770421725 60.889736900625365
87.51092648467646 82.80705182855095
19.088453527662086 26.622654853519744
19.07162499856826 48.26069783036384
39.29948426647479 72.50981121911445
84.95241840851229 24.659597521136345
81.66263182066061 80.67255976925641
32.868458030780054 4.510765452632127
5.548658292326635 87.59912508017138
3.545718604313286 44.32544696199029
51.20037822066648 76.99323371347973
4.159081804228992 1.6580420207834456
50.14093902569703 61.33885094627589
45.09056350809541 73.74882373041451
15.206426308526133 61.19239582714696
40.50707908041308 58.28104494403649
48.016469223339044 0.18790608442696977
43.80089075794154 13.748388565400937
53.85499716976746 27.782206125960585
69.45224444442806 90.18426378449944
15.259230405581226 38.696509605131936
90.11683521540822 8.519214199067227
87.5002977932658 28.73505072650144
96.50570108105977 81.30757481309675
13.817974912553998 2.9802612377547666
56.23351794815098 58.17358662362668
35.19434325861888 24.21399153838213
8.83909819627785 86.46153330147159
1.4605469954481753 44.52957876936361
76.88958837906716 33.431295604666445
70.03684933899692 77.31249218097483
37.88857352144852 80.68075272136007
89.7878328135459 21.370166825887082
87.15392998988551 10.832439487091872
49.618381668879216 14.277010186769267
16.4917307726791 1.4822890519295973
50.17485537433256 9.822865093268529
87.01741047232319 90.85296006500816
11.460291318429983 38.06819094471432
18.550952127101006 50.14876683670286
52.65098877229531 56.174738524702114
81.42233351632422 50.790125086779746
3.448262973294025 38.12914868759826
4.6241334910869565 93.43338880652664
75.34406461199669 60.991508760238034
29.772345670411802 20.51398849339202
25.479155837300706 60.473569716199634
88.63106653160922 30.37271847195775
48.64429120753785 7.5777575312711125
93.54262102714517 37.68061568179532
46.36340831476399 34.64484842248703
51.43380030326927 31.66636370542626
38.41001345016656 33.30286562698338
11.489410942755917 77.17995773243334
13.212469631143875 36.89490195985555
90.50525933521482 67.85446878846291
43.72301911052836 42.4693759439232
28.226637304747427 48.12846621036662
91.28203451964355 67.51719262805584
48.44033574848067 79.15905251360394
5.581150588786521 95.28598442283082
37.79246492906515 14.059579732118433
86.28013607156821 28.656670442064357
25.796585881220967 93.0847375486777
17.925042383817146 83.45176773437983
11.605181341508908 84.14716337345378
45.02241515558716 31.86418695512121
69.79380554597932 35.15062282581445
31.737380835085528 46.2463582293976
80.65004346309333 96.71832786622048
64.56177738454296 12.812794886899216
40.73299544465605 41.09632618421237
94.0777209294701 51.61842714748508
75.44411418866859 68.30658572251862
47.28767344460688 96.11357159451043
3.7704532508464395 64.68253889693062
56.7936236800455 38.421481678030325
28.443891141254273 94.45398181965882
41.84236627050769 9.937660745017297
31.26080451861728 34.418515337284575
42.32265860580575 14.080008885528317
47.05603365895159 20.075841769823032
70.90888750916284 14.269338520788644
62.809556548468 1.044093477475061
43.743519993946 64.61565802610772
60.69684664142475 11.12998726633978
36.322633333988584 4.4691234171931775
45.365587189942936 44.55417477148875
50.26169569234472 15.437121303919998
83.22939504870489 60.98475821541841
3.81961411213243 11.430151191156002
37.3933088919446 70.16818942133465
74.08097824436776 87.37066706634351
90.28459396361454 55.125208543003126
57.62856261946566 14.395389848191654
31.96563070669137 13.035921958156704
66.15180826628239 43.057876210937316
94.10398605500295 3.720334611422982
50.58141796271576 88.95006975080754
61.52060094075962 12.462851392500173
41.618118359264585 16.06965888235162
90.04694931309683 11.156953984079088
17.265638451248442 32.64810470149533
6.727278570604245 97.92746548759365
5.432038199445188 34.43407544659552
97.0156197247359 99.14880976217869
75.67462978666491 82.94035757711815
34.05162357052111 1.3545599727074031
75.68140350685717 65.49341692487259
4.158613889836293 31.63730409488531
47.84410026871284 38.99002353798551
37.859409154464906 29.350402400658492
63.599244326906486 61.00568786983973
19.29674436586709 17.028952760497518
9.50318162870234 95.7398567064676
54.51118363949284 20.364323866252278
15.868965080605847 95.11188135444682
8.834632968543444 18.56572522029736
