175
15.228025963374215 73.11731301689025
13.831035687111937 53.58517153819129
1.5821353221476264 66.0962334361059
71.22311828538331 47.64505809858376
44.44021608060361 95.31122909125014
25.837812443294972 34.57770124229577
57.9829907000631 90.39356845171423
79.49657902445607 53.99400340970787
50.69800522445175 46.25856540735573
18.597560894767273 70.51006037625417
90.71230285691728 79.95143399623129
48.05958212607789 21.08476569503499
80.4490457787885 27.158554620227704
12.243775132263245 39.83306633050496
28.35832583674608 95.10492275058033
51.78198980660073 71.87326387485383
60.574585578928094 62.35496960855286
46.9760951477117 26.295413297251624
5.469265356443986 53.823802179074264
68.50468607229998 7.949722656964586
83.32506829214603 11.329642011906383
19.24650170706278 96.53329013064028
84.5034721510195 31.1374987468921
12.184589109077116 57.3081923573153
6.867856230654523 80.92546162428911
61.473643612809866 11.333619639731673
33.89421885505488 78.92755034971269
99.50754139308874 11.054915974833634
74.48384584055758 79.93457126459093
30.18219307609442 86.82383148582406
50.965274225522315 76.5513085859543
42.5867698160279 92.30304064109087
64.6796430202082 0.841687794466528
34.401318231397596 88.04509821890504
78.12859166840565 33.21761370709319
35.770782797769186 72.35829686809247
38.70568804149139 63.58255894330761
45.88509812441921 59.67797749579524
93.28267927602143 18.662634243764696
78.83338292767885 89.46263027703787
92.3700060404569 65.52648962683872
95.34106154345724 91.54154770675396
30.84476929613995 77.4808150780955
94.40193053901405 82.93278220962783
10.062410105292752 95.24267506170229
10.992586509752112 75.77330313189273
81.09461833671277 65.7159501602104
27.277889767567075 60.71733618157792
83.89047016964743 27.760855334579038
63.16424924434021 51.916520229578936
3.9721803040665304 88.47935322557595
84.06071895183773 57.68212100543199
86.67008286305479 12.640392604253957
65.53482393415473 57.60646719025445
40.783196423068524 74.17410848402285
98.64582121626655 35.98788399847736
7.7383557909846745 74.62686385286158
15.046831791683136 6.410949368052831
66.28401987864349 54.24072719885956
38.04010139893664 55.568394621660076
94.08442180543378 51.23771853795238
0.5325503437684564 19.656518022594028
43.228766793221794 35.26440589017887
66.05447987691223 82.41182315110171
65.97873792769626 54.76589985694527
74.41759868563392 88.05526623640255
96.44194437076847 93.2022969192926
64.36061936745338 70.7105101276478
88.06393514542872 19.845632313873228
5.673262465474471 70.87988874640138
83.245943104026 64.74651852811138
81.5239472121336 21.30734416159614
34.278543101563145 50.149435446691996
51.6646578393102 39.882828888338764
51.455094517561875 18.667922311449136
47.36653291433477 12.078437559293043
45.41860197292918 11.432480928169186
92.28652628489047 72.79386789091433
90.72704170729058 0.018666200761952023
22.045085471920935 19.216507350638434
6.280881084948986 95.42675597597416
62.59622466867688 84.70286546714269
77.32198281559137 55.00513155588392
70.77502958631115 48.351610531903496
46.2012960563575 51.80316816640692
11.50517464260884 42.843259677133304
9.578844683313047 31.95223382827289
33.00078396236575 4.793760000427493
10.582956737459215 85.96995877200987
37.85294764069669 63.50648116728017
58.16539232074442 86.64035186875618
35.197989878537705 84.80997801686766
21.71249098525252 17.46815797558713
66.54985597222395 85.30231696049685
26.18428966576468 67.33152474279423
72.05411644750473 90.18031662348535
10.515775013369677 91.08495369044361
24.545166176053602 71.93266780802514
34.607336742816045 14.291523082746016
69.35377633189532 29.71240229220944
10.796543789694525 83.9303581626089
75.48293029904218 15.58139558894589
32.463816376616215 24.030239486566106
9.882886650265842 4.923670207281017
64.12917245277282 54.47139311482532
7.969850641252918 80.45704935489287
88.65726032561595 51.863074850455114
71.26862608810596 70.12333842302854
70.57204180410727 46.33018698024484
17.619917599535974 88.47530773941551
76.60001959263782 41.318205365430806
50.80205112030167 22.111927341340596
57.95539677938854 29.86638791324536
95.32081312649609 64.43668836800215
37.73694176230376 62.85253184696319
99.8167504901911 20.554776447361757
57.56576639733515 34.06357514964659
29.976383863749167 25.59702445293599
16.67948255703329 80.92742108817946
86.3870782000031 72.98966034099672
11.61735065433045 26.002513837457887
82.22062268604836 72.85183283882482
49.76850808226546 97.71961889464346
53.73113101835024 56.179886631342455
41.34222956204092 32.67945179798525
98.86202203376091 35.57834991720976
1.284241334069569 39.32325586481189
92.42464431050402 83.35729164541887
51.88915316917798 47.23791829232829
12.565225236656586 62.3148645691311
57.429676206673186 48.804167454847516
94.9134154655944 17.675394981907232
85.36962093071725 20.36403509517428
37.77853887632949 65.22031397134582
38.769524331510496 46.987030422867534
69.18796760175066 65.0813312418084
28.24035868299002 50.281759355240276
21.492375240109197 48.534299901384244
69.43817001378751 12.532610049960502
61.271848212891435 90.28891491197837
33.10399595274113 57.72080295643843
87.0141869942248 32.94010342216569
15.95664720462262 76.61018535354532
66.86583401118129 14.554008345952651
47.526466048329596 20.740182669648078
8.721525480820914 33.041689443986456
50.30340466068589 68.87493559457783
35.01481300186832 75.12436799236173
80.92407192022263 49.50419564330718
38.59083702771272 29.41397215329482
90.15128763362931 98.799954580281
47.16177988037323 42.91760923237826
86.30674887136036 13.201386372121116
16.857569642973747 77.39366939638853
24.008537236479498 55.85900539500663
57.81396282869752 32.690709678776074
0.6443416838218474 53.56044433971678
8.967131983092392 73.29378108285577
40.920928227404865 52.087682844120145
25.31313716986192 27.674975780149612
63.711708854618585 69.82797431247086
32.74098505905031 98.59921269197504
12.550782182288645 59.82771186840047
59.87305532240915 55.959402047977235
24.510883712579957 50.0879965624759
70.79433314589281 90.18857144180815
63.91250130666338 71.88834879517574
45.761514181526344 6.7251806544700194
6.360597661691325 82.79854703770097
63.35832426059942 28.724021634233566
79.7352214907071 44.13354438801137
81.041398179511 60.48187180479479
35.14445325553811 3.391780550096135
14.997129820024146 69.63546097189098
58.02186133119217 31.823711809210753
