156
79.76377269148072 37.93538078222029
44.10963741642598 49.06328716136329
63.45312865542701 86.24806892135716
63.298292202485484 29.308736454552854
32.657674911856546 32.859985788042266
5.217592082215782 20.554925595299355
1.0164710565664148 95.27532884154915
40.438832514239444 24.500392278607343
60.08362945787796 87.43856803355328
52.67343146893756 14.547626873105523
51.312546727111275 78.62839025388647
45.75768201694596 55.35126875319508
84.81754939231787 59.600313673261965
42.05367779974322 72.93316306102578
99.4899609093145 53.38566968046625
32.801594653971286 96.74919344352145
58.088783807543486 81.06231575060634
93.71347519739142 71.59011412152579
43.658083112044544 89.18952463566906
44.85259140261736 12.45452074627973
92.29000300906503 26.937316631808738
18.47442262586543 36.739437412490986
90.60608976750662 86.85939633718142
62.422041349179565 58.57766915628704
59.673595474160436 91.77657759695393
19.133210744342154 62.13119212794531
93.08627574881324 43.76494025857364
73.61833567835238 96.94700245886747
67.85356810980932 20.685130632571493
99.84192356180296 55.76611679818539
48.33439016142912 75.48637834202368
42.012595886681744 45.793331163668135
73.10618536879424 5.789371818215128
92.38640552054332 85.50196331703856
80.1497734969502 5.893585270120405
74.04281372152943 13.165841940779687
50.738811086169314 87.21751778373367
84.98704705701094 15.518711283710196
31.512267243217874 49.36611961087157
72.83292502943134 4.27720096911438
19.316003966320526 21.891040042109722
5.7164690362040975 3.470594053605014
7.848483083572555 94.15555296163501
13.602724302833968 89.1766364375569
13.417446678503953 27.67620780775859
0.34648047126843995 52.15864448879738
68.18330079799293 67.97967217581522
91.74118946009231 89.09595852799171
91.93372852911573 71.28168839153298
73.23486126280976 99.057931251595
49.46351881454953 75.97289209389533
14.97091911006927 32.714765556947725
98.79569823808428 1.2000175051423922
73.75288259174391 76.9239590329012
26.58662731053948 31.380020511180884
26.201311347928225 66.08702546411862
48.88133350346957 39.360139409866214
93.22563226273707 88.67911410658445
71.54076061688176 81.9059966914831
44.823694505223045 91.31813515353934
89.6520708313119 8.786230805149353
42.643049810010226 85.32120182901986
4.614050240722145 27.18369156645156
69.60452591926084 27.568753274157665
11.781513180347769 34.1988801392126
68.68474109292657 70.28375123093757
77.66507261612456 35.11274411120861
60.315110820360985 61.464247009884666
56.93753625505826 37.367423384090806
34.044772706702396 64.74264266498584
22.22063289388332 89.6412352287294
2.475017493190257 30.689542599480035
33.56554083046598 30.776003579832654
27.424428909523602 12.661838221296707
58.15821137540117 37.496993779061896
64.69704397088924 85.55522716615856
49.18501765099763 55.120948065562956
59.73957969724156 75.2181956882632
81.65355357389645 63.242860324926156
89.9070757028492 97.67932654091315
17.097289015454507 37.70640562872845
68.08317179262137 99.59664654087842
68.25217809201816 28.815370052525402
34.73725217132557 54.6461491025828
74.7285449229775 75.78336376452552
28.267657819856986 55.59683535079586
60.40544988736015 81.16923666671828
84.91173273392107 52.852834030074234
90.0261187177026 51.692744883306915
75.61097729844057 25.28215249389727
54.449877407692185 55.30629392702166
99.0752391313595 18.319283261051943
37.41337422899933 84.46852895508444
7.657593532475159 92.79028021300675
18.93833433336528 67.0454325330866
29.310917635885716 11.97150869861665
52.37826715103859 41.908561268888946
41.53479986208309 51.188490100871284
37.10557943640034 25.849923225891747
84.85388692964396 64.3947449326883
70.84551201538216 50.28205725598608
95.86167578857014 43.79304264853586
50.89999975506133 84.32500250474571
51.06068289512717 99.35420689162953
65.25673948346447 0.6930756212096822
31.068795131310832 15.460413355954383
57.47672584065848 42.85219787519202
34.441717564762165 90.5008045891214
33.5280695008447 80.58285828119882
76.0554523182376 67.29733411496028
30.117412110541895 31.74023471680777
68.93387651234035 48.39101641113744
13.303846875812042 9.059801842372883
27.0873428740804 74.78671742135843
21.321599591023997 26.103870841375464
81.27070344146851 6.296602713055299
67.96904609202964 1.9902268731866735
62.21849052793574 52.7508037233788
66.66143543781598 37.60192715067174
15.489725908019992 77.8274853865434
91.45627575212923 94.04269707478765
98.04755351496662 31.202188630717508
82.11870984099555 17.231303990174318
38.628583036106946 77.9937770039163
37.5338660341297 80.59487814121786
83.30466934869084 10.57116802514062
56.975019471087705 69.91427170458996
62.91235053588438 81.46102500137539
16.634168735544776 14.656747510865852
29.105338496369292 78.55495217804406
71.1025937303079 42.52857056128525
32.183689266195614 28.549408834750267
82.4116818449702 69.4231885405252
19.24341246619401 59.178610372393095
87.73802255451312 4.986332711271446
15.945701161423786 60.06669728878896
18.473059410839088 44.622753808437906
44.33706615538634 44.24631990648757
74.55183802344962 2.062931126699852
3.119906960679486 49.70844686845617
94.16191159754005 61.98349911438328
76.14406731612917 23.483146122654475
54.79000708427576 28.377955675278198
89.14050455278743 96.64229277752067
42.15268180985462 21.961648326870588
70.11471501347927 22.458961905690277
9.066487298001158 97.30014629112497
38.41447668832373 28.285430167689196
68.49658545571043 91.61166500282732
92.68081378040169 96.1008169377238
80.59243226659879 39.50791786678906
42.205805811796836 50.158116666328226
94.30416190451952 68.0051505345777
87.26462691745705 86.23813698975589
51.30413579995313 62.08659085511164
23.903315600207108 99.07650647665709
