162
42.88642263411805 38.853612081866984
67.07036209740696 60.65715592951258
90.63625115109953 72.33554645597015
5.705779023831692 96.521177297428
42.62649973589778 63.94515586400088
53.41537013683383 72.83373703845427
78.93495815752884 18.031293317481335
44.31196049640048 61.121607312281654
34.28842136763384 10.262195669637874
59.90270520802782 23.15292294364728
66.83495331961177 30.116941193100022
7.0228972510766425 23.16839712574317
14.66553282459272 56.87172145870333
43.87922319314133 27.732529693990337
80.89092354437297 20.39495378927747
13.193617435772554 91.77013699176581
46.98044709625514 95.20164507388438
1.8093057278743552 62.043829318685
50.619011227932376 84.11374452861956
96.03629026576249 76.036536443819
75.58028155311862 22.64364914962028
27.697056826197088 29.97621986494202
96.42273582282245 62.71228674217091
12.722248462678976 69.7524307410757
54.09546265012043 75.82363482605471
24.325992481907544 51.60250223977306
20.21061114475232 25.938490386720268
30.965555693717562 44.08689265186197
14.23191980180335 17.282098626711683
25.370943093604204 76.49597590279336
35.30151467967758 41.18153942552796
24.25699908448128 63.12949768929482
95.45917119358805 10.214936427840726
25.506142756220452 11.565381306911227
15.925281936407544 96.80815419688412
24.04951326833317 63.05657830726518
6.034264143371326 65.51213043130532
60.20345536758002 68.99314184332424
17.197210640242254 91.5081620777766
69.6836802457615 49.91014971984353
69.14057017631664 70.7914347738067
21.602420179259074 48.81082466249549
68.65824279251811 99.78589679832449
13.656833562106396 30.283763732800118
7.294779204146529 87.42514174929138
93.22239700378854 59.475585610764824
94.84852195676397 74.45465350870244
50.83719089653162 74.30543311381467
88.51920455811624 61.60898804535657
68.13096974272848 60.88975236610976
80.6700677454596 87.37548083023627
95.5621378015459 34.19057295054778
54.45919048138379 79.90410063786544
50.39598060275725 89.25988835805667
76.2704302885312 50.78908162927731
22.33880259488131 63.64355098239252
36.93015519851169 86.4574518502194
73.31769624549747 84.64097294496746
93.7143047184547 58.544380416979145
56.41727124636529 5.092747699300082
33.221793763084385 15.652521277831
4.071454931443941 41.6779897436509
62.894230239880876 48.572502393019676
68.33840840430285 6.33378259267785
80.68653637522748 65.45134593560363
17.769774790795402 70.51656870592188
58.152321162024464 82.98515283696642
16.41604198359764 66.07379610566944
71.15715252866501 95.12584405381025
59.532462243620344 55.060455513601546
92.75956950799316 74.15561257585044
82.23409857303994 11.679838702075573
28.12614114716365 26.331189564632783
44.616916186868416 77.81390529633741
57.439449757356954 30.355950351541992
48.991254047198105 64.70072019740397
42.265972907520144 34.034096273001225
0.4139829793967875 57.10876990452027
21.97446885848402 8.638731792698762
82.73976138588667 33.966447474605864
10.760847165824948 34.575764099659324
82.46727808959913 48.77242925250742
59.00279160358425 36.63855662086151
54.91192172862338 7.066254649967796
5.589846511196317 84.80614536744542
99.73813130603736 10.749181286229126
29.35221859619368 41.3346295425488
19.544016960193456 17.10338214173639
63.611619115362316 84.99610781333054
62.05813164443224 78.33736878214728
25.94474163731989 71.7149763688616
50.449086754500605 60.30228767226809
41.73635708995253 70.0840231057123
98.89096463579166 49.03731239094118
55.597375695851795 88.8068185458371
82.84828148767306 20.60033346609458
13.864669381254958 69.65720715468177
43.972197692977154 31.266561345660328
62.756063262260696 63.979994351650824
6.292821635983669 0.9462729894412991
68.36470618482934 50.56025884162306
48.489202689067234 9.94973654494492
98.79985344715416 52.553829457476965
43.54277781157748 78.17784499844161
23.307525389469784 99.90456252705606
48.805565712694154 75.9104944662367
92.81493670651531 52.96957788172597
10.898587637292367 15.829940647438656
59.53295363460398 18.908486034922202
45.592500528289804 12.993305487996643
75.35215504202598 16.941353829794092
51.591735742999646 82.7851374534048
8.076083645193322 89.30164269964023
71.67908704603857 2.8197922090616445
56.98541165758015 61.28608879543576
46.770534083700355 89.46287051389893
63.91920825961373 70.56348671552819
80.81593400395819 73.68373517483879
26.168429711215623 26.670753217048503
55.15030333393204 76.51760589774194
34.16266471172682 82.08192426504004
28.139397253020316 13.51079291500371
1.647596926346706 17.849556366680773
95.29079216873549 30.19445012671378
28.764305425645254 96.1081556998283
57.89232677345835 47.12249067115275
99.95041062117933 71.57667591073898
38.941260276435585 86.90651688990987
27.7433703049751 99.62304463934804
52.25464820153064 76.52576059209088
38.86084305934768 40.9084232535228
63.71374391440451 51.307295173574886
35.41850258128969 95.17511204490465
55.56436157575436 88.6652576178528
99.52573482280779 35.4991436623892
21.830112587743322 53.55301031719468
32.05707211540412 36.781020580950106
45.99837741166321 74.62132760921479
89.4158052611573 50.18868940434187
89.0835931838089 0.9365711380096786
64.33127355455159 1.0543621394846658
24.702031697062033 91.59628833055189
83.95813208390626 76.31183525549426
87.081674684184 34.20493788743666
98.06003202299371 37.87049314994364
43.465242283451744 41.2794991250143
18.552329598242288 26.43444401948074
9.71372168471868 9.396139595760754
41.971903762297025 5.709571204511887
41.92193365615429 11.02365564833222
86.14639699968245 17.744559732120713
66.12569487537837 31.698831262457826
27.581965199985238 80.90920033449213
99.7420724284269 80.96353730306151
43.93436909887792 37.32064388288975
33.80569324509229 45.63881020881375
85.535521952028 37.61694835508727
1.3282564262926733 51.23406473102442
25.419577180386344 84.504421421961
35.528185203680984 38.98752350693007
38.583901652520325 24.162494863400198
67.75596621240283 57.55987475248207
