124
56.03997843313109 33.58032317478875
67.1419435139023 11.16700716665575
13.961495549280423 73.45556025997665
76.92279648362151 83.98111777618456
20.816851147856852 61.94065007071008
9.002793163311217 98.18842065753431
46.51578089882917 85.96617503623074
81.80505297992853 36.83551180152859
78.20802520562688 41.655801319489186
88.56096908030105 31.295920669248446
34.22597091510021 81.79079678211413
35.55174508222769 11.253365040562146
16.367632896194284 37.93408615785568
71.69931215690491 62.048200093977336
45.46074278785598 72.93838871108434
76.17458367049998 21.083558885835764
40.417165226375765 90.51158099058314
56.71786635851607 57.241228431522075
45.36618641768524 18.247356132098126
67.57110381068831 56.614945721914246
29.35227132561987 67.60727709595535
20.285535464875647 50.67396050595402
18.575731483492085 49.175897952566984
12.95009509075582 42.190689191828035
73.30958374963966 97.91769165167258
34.193999244781395 14.845769789929752
75.86475888813764 16.65153844687135
81.32188708824786 51.92475670635972
25.200644853059117 4.00315217325018
18.85259374706154 18.179942814843074
3.4752622856183413 26.633312958096532
58.853993695181536 96.9026085587753
54.05768332981192 67.27197545258434
83.16063998894336 26.148297989239534
64.88738437723052 85.05988228482686
96.79173255261907 58.36192022097728
13.628793308719455 9.877175557752905
1.4893487530847516 5.586409983535745
18.66146064123475 53.44497115858628
88.5553709128406 42.635956980990784
19.141952846457166 44.699372016769644
0.6334196058211394 82.62072573257295
33.93836008324931 13.269090635807268
99.33582345098036 35.059706770736476
85.6284846130795 79.48547327532431
67.9867046803212 52.597696487439606
20.341762215049197 4.400546556904372
99.12900308374373 66.70444314319946
51.72589535414145 58.53493939318108
66.463335129193 59.232311831325525
58.88772255609733 68.1361443324167
78.68983187154036 64.99020840208215
83.02470698119066 11.64115199463115
42.191364169099835 64.46605312385171
26.83724715977509 1.7418494034599608
67.49356104057752 84.59860148941972
1.6497913625216243 33.36966712510091
24.065927355667327 88.3962132156689
3.715787663297554 64.8369201776263
32.49275974979643 86.02019963295042
24.375992468658726 83.17301818552968
77.30631390811772 69.68623823756704
61.56207451527267 1.8641583519954152
48.630873222195945 44.572472974717215
30.014131659046328 46.3295467093221
41.47717292517177 22.61832158574143
50.34471946011008 17.198079071083505
25.768193000800288 94.58025992603997
51.67643607645882 16.42071824025798
62.76278976985347 18.504131518131306
32.64904322722133 92.44632150773676
87.39242726693969 92.1953407484578
39.18765581692776 25.037547815085436
17.009847698288915 53.91002347027409
16.479560303452846 95.58961880213155
12.200787463886009 83.69255834206498
23.695287598081862 82.54608892559415
97.85982740145808 97.94319509415031
22.779184891354788 48.04438594273197
89.91470268845063 41.060498276394185
85.7793991484747 21.869874057211447
87.07895319161629 22.159158416249134
89.01196586697185 67.95438709295561
11.935449788025554 13.799761794107578
63.55237214534439 47.80742347266009
41.261380693204906 4.825737772119709
80.69960924363974 69.52149655088489
73.24860444187645 69.01559813764415
41.92701529374266 3.5521732553762897
24.8231144433811 70.36420696678415
28.862424855669722 51.15831793033444
73.7278576342744 95.15784966771962
34.39924693781049 28.32905879379123
36.16505992043296 71.85801455702054
71.16091614718678 57.93320512394063
41.47088485940432 79.19102821547138
82.25282414799412 85.99246213647461
10.095299488726994 21.3833186533125
9.417653371553037 37.30303697369261
95.31730066402798 69.83637662454709
14.551583338831964 34.61231839302913
71.60934181586798 95.26437987712623
77.28090025911541 48.98686270484733
25.84613360880801 13.18907760647362
3.7588139565009504 31.395769968422915
11.497376289347939 12.395446399904596
79.69219991696148 97.19650830019017
3.8351618958865186 6.621147742752987
78.69691716179433 71.49392726218382
60.86555315202252 39.777974543960056
81.77919654004074 53.39443343806679
17.436128823611796 73.71380842542536
9.04111116924402 61.73076801337435
91.14191026789472 49.26928508162969
69.63706684768309 8.345395019663615
56.00801055124555 97.75173611500946
59.1914878553754 73.49691150771928
53.70032492297264 80.17866554651253
20.700905254974444 86.90168357847442
20.850027272584835 38.78503064467825
2.7076600033088982 50.93496187256945
2.2149001673048785 54.7353963379829
42.95903211227884 50.32742616933508
35.08128697732648 7.256615558540281
