195
94.95477648944764 85.97229946881669
21.231303824168002 80.97878737635588
66.98780567401606 49.169557746780676
21.95300301789227 41.2132238173738
6.920079176209903 3.810105509266193
27.112070745925344 67.16780115011622
50.13151083004336 12.768867175399878
25.61614431917476 56.585661504900564
98.10852224707153 20.49676037919198
72.80310051506777 2.1425985111991563
71.54148029339123 41.05585890538283
29.571525092231465 50.05490786340139
49.60551682687521 9.69641055217173
83.72287236666008 66.98066022294992
34.47179797434769 69.21284471609228
17.03155025541533 30.330564124870364
99.77234407104683 45.72328578653687
38.88479382823948 97.21325488991532
84.27493255268188 4.433470052443478
24.87478089898697 70.2390097804938
82.84153244398878 84.22179334559434
53.97130275897685 21.290777465362996
97.89284752405854 17.743387651532515
85.77588929006197 43.31307558479365
97.24394291053832 5.212762961040973
26.13837539055808 4.808484389478873
50.59168081288463 44.222817587533555
42.21470269213572 20.609024566264644
60.092182450190364 93.89817318457789
9.656550634925065 48.970739870330725
20.70169472451959 93.39275033306501
77.17424654891504 0.7063985255180816
18.17553780286393 4.632818468542943
48.28505488422271 38.972805725372226
2.2628806191280937 37.35384205184141
62.91629030820071 51.32277627207702
72.77943161549864 96.85961573653401
73.15820082379715 11.248229206489935
93.4614995628647 24.796061158361482
96.83150216151867 30.211487221907706
58.514567845395106 42.168181069468815
11.100748360503932 39.004953083059846
68.93281287890916 84.24796216339955
99.6545041791311 86.80104059777149
25.43491223975829 2.388499689544532
37.681122812090926 57.90087280321246
31.280268371965402 59.588168767446334
29.727145375751583 72.32975013961959
64.6936230860506 76.04894290401816
55.05804776159957 49.50906577316411
99.86998183743458 20.718466476672305
58.25448627189853 89.28103667732077
4.214736710054378 24.748909130042307
0.26357702201844635 55.489899763613835
64.70323060857775 20.8351478512917
73.0798400158221 73.45566064063449
30.70053546905488 26.08842857881436
29.627075418169944 61.2743100583988
84.12567737464722 26.476900164638806
9.230483387362254 53.34780875090823
37.141600124709754 58.96286884881652
53.56791257013008 36.62894507916774
26.221784942166902 48.53134505530191
79.87072175226244 62.79217995231827
99.25704783587975 42.346125386178734
38.27881002883296 8.862832713319701
42.87657928576346 93.35308602312536
95.58131958014809 63.505500420345015
13.979052527317727 66.71647985261609
36.0518047358195 94.34339342371122
46.59483157688463 73.40326118531088
93.39189298654209 37.32552458724299
96.00710336810012 61.09532441340827
69.14484296761756 68.7082685778587
88.61315234479233 29.175239122913187
92.56847883035923 87.32475186361906
43.32387734123494 33.194275261249395
0.45415134676367597 60.85375337834721
30.647069131077476 90.43202838005335
83.21308160068048 21.679431772269574
33.19204021401252 79.73027515290309
61.21637364572254 76.53216519888801
71.45914737144152 81.57422997418371
30.204857498549565 51.7536774885874
78.47494398858889 30.93986976131181
36.08022045119158 29.940772624652634
20.527690113818352 5.792997617946394
70.78331036906938 49.62211139899079
48.29325265363275 9.905958335090492
19.809932903152784 44.5826944844381
81.14066510966963 31.73753850399018
21.83762878851112 48.437236267765115
53.29356064427019 58.21241609564173
90.06375679625226 79.79744259090988
8.08195598120054 66.04360060852869
28.842221794264468 3.998440289471794
48.79774497324433 87.13449843346181
67.4579440507596 87.91961991696803
47.41152870608734 94.99590199313029
44.437619129917415 29.349383037309106
17.442149003953134 84.73749494006681
80.25408439613703 67.37172093725063
1.5141281095294667 87.05840251295656
48.32914373888174 3.7503874927507175
71.12976824863297 8.948582748061519
60.738779406630016 64.38093080655844
8.908333226864896 74.72245447144297
64.3431060456481 30.62468796396566
37.573491303867435 58.22398150612447
83.15047395397332 79.02163451825133
30.229399944296244 75.31167391752878
35.65584947505055 38.03081079398232
83.74087477850821 79.48213016608193
47.52765767492443 82.77292823029269
56.78896269815928 55.65354593794173
3.921931735880091 15.619809538060725
78.18132265786909 22.110339467405847
62.61353876371988 65.67217293753772
23.93610175605194 83.87685583298506
41.14287526218375 1.902677837018829
78.24714535536701 60.5511450203536
63.30803880974998 23.332667440445974
31.88835193224284 72.66365027182849
93.44795159296623 74.41507550893652
10.83466983609014 6.0861440227780506
15.467020477555948 3.2263466044114675
29.36709537709097 30.233049919579123
7.883413995021227 20.443028941524965
72.83373062929758 76.42195366454018
47.58785841583385 75.75785644787636
60.50147991629896 48.04896391827255
53.23636606010997 43.766474209156904
0.7506836733169209 79.31567011238698
36.55054629623612 14.871308652176873
71.47395678993627 72.63542981115863
78.80291863774124 7.736250470165595
84.61328659608102 64.6610376349091
89.61857318606022 65.97495142139724
64.46224935215797 84.2922127226701
38.32176565854313 20.8356073920001
58.96521642162473 83.54430397251575
58.80805201692863 73.4391842757291
61.41476317938685 78.29470465812423
65.40890189838488 97.7864957957811
38.67845148719841 27.000988274742742
83.56419618006048 44.22030960319645
38.73530912502764 36.31089689352398
45.24638797218847 70.96195020220267
76.18069286758195 7.006361563714059
98.10414484562628 70.15055688387281
40.29317848710874 50.75906064247712
98.2623730703308 58.049776566105116
14.779763121649081 12.589976395102765
44.614459474365674 16.408106479340013
97.77747571022482 71.83116376563483
55.27473198890591 59.67069799127276
40.93868087164122 84.40519204535805
94.88091018406696 67.93458811594323
69.75548536797676 82.7001446613643
45.405396608585036 44.24846386699948
65.0638924770984 9.56874828570048
22.00426377743775 85.80406695166103
98.21529961372455 78.10571460733563
21.77096557927851 88.6517101961747
80.4790127695895 38.86570924863171
50.3530781039195 98.48121129499904
12.958739213643833 26.87768303910768
8.470411652510002 9.040216017371549
9.781008767153986 61.25350337397132
41.6822679238143 8.66631832151593
88.93977818941686 77.70100157304735
72.5712581901127 2.4083521496416016
19.376743728575775 81.37425416212349
19.43516892461664 48.401044152598
40.64854326001266 67.20206405269637
61.020989392368186 51.89565610253788
46.539996477981816 16.931496457269766
67.48065092255342 41.4490375303076
31.410142803497877 73.8182048620425
73.24738418068988 90.8597399935523
40.33228038979526 59.78484548477103
11.099156859004665 18.279353164029423
17.158081668574397 76.2535358135907
94.8865341974384 67.30650694040627
69.75290642936231 51.91757289229467
48.0474941366301 26.460743012091125
69.94148306384298 8.9831674508004
3.4664083295503967 84.33620944592543
22.98051849259888 69.11147377015108
99.27629380074977 19.580990016811562
3.255105303188255 13.316390810915745
2.623628242981757 85.30983228487064
19.313484084906186 87.55930436071868
96.72085949194323 65.5057798166572
47.764286492961794 26.54551912587738
