152
5.2146549511012825 88.12908742309922
89.80038436794561 82.99595086321916
78.30401191665722 91.52648452389343
53.4336605294769 76.55495089399818
10.952556195296836 5.473583378496494
16.124178392937417 12.451213476446
27.740934563176022 42.29552056396806
82.88818003490275 50.198999001293984
0.5708867970192655 18.502571565699533
51.30060535332922 92.73524490906198
74.04817068185706 30.65525015715408
3.3669481735922435 56.00635813569561
37.70015709102792 94.7133698856414
63.45684361913831 37.18411119254813
4.7893743442919074 68.43228789747154
16.46787059775918 57.542364752152544
42.99131625754102 71.80379325926282
18.506801426575624 90.95794465914851
31.746875908520977 42.04177413386751
21.649441980029614 86.91025671716382
90.69128243533359 54.86909231584804
75.81446596887574 65.23115895574153
82.62023431928142 54.59028323937294
21.950431094307945 74.41926969781912
57.85612547109304 96.22598852605651
73.26037120090953 40.30590663809341
60.911497774283276 11.502995567030439
32.218440738506345 49.257618448190534
84.45417252980356 83.01673506082149
27.93706455976124 52.58367511709559
29.439439874142593 19.902876795157255
71.00138493553162 85.36695485745278
75.25451256101385 94.65647225893129
4.501890333857251 83.47914868306104
18.004382026333023 44.74731182389521
7.541585038247545 31.305472302124393
20.01861897231082 23.30503722864047
62.68466291541153 44.526742396025185
37.75880109948629 95.04856862055327
59.48135811270328 24.98485533939131
51.90382292207577 34.52916766190397
11.973237046628594 79.53115505784592
58.86900404845 94.67517128025969
15.351725897905933 75.40137396223072
37.562525693874484 81.54252017679029
2.0185552746544766 32.339152003262505
1.939065578264687 76.7032757513506
27.524550453925613 13.243412633005002
17.46261692885921 90.62270674694642
33.806888541751555 65.09563989555038
23.148537767953236 81.51504352398715
63.33758095493055 74.1039350322889
61.35002220597892 0.6890766374399893
59.842432467474836 73.57268384383431
54.62233810199755 38.63212121499673
91.19465895854589 65.33097784573606
43.77062640815408 9.77256436027053
5.208211440209654 31.546174783487658
20.485832553132287 61.98545532556883
67.10725304520857 72.58368798148385
43.51441237179403 92.75259925731896
71.46012546962686 28.655618776235126
70.79814553870374 79.16748612446804
77.53906436786507 35.077681925860674
18.524859225532097 34.86970795885185
83.66539106343939 65.37792535286418
88.10682047736017 94.32889092802779
73.87893293077624 24.168167889281
64.08838014784263 39.0442344120364
52.36047199988902 67.16717499068346
61.12160646198558 5.957197836361083
19.15687777411913 8.972867009921648
24.01699702093253 49.51942652641429
14.69097970951223 73.93911513703296
13.585405497166136 40.38464970457706
53.92380565408772 39.015238638909736
63.962075575275456 66.60166850958967
28.344979370061218 71.72854048042767
55.63880089591898 30.60133258338623
84.2369219327097 38.55330886426414
94.38627861202694 30.624661829025634
77.18885182474774 37.349063069295376
8.015561805416993 25.731709704803365
73.50702225568708 57.17661516277689
42.90566454661119 42.824750332511876
21.844595997432748 66.93464356754279
40.19411683468248 70.11285801550044
98.29371936954496 88.25264814795115
2.7027409465294028 11.469128492017887
22.862614358932476 71.75622414159841
97.82424299435803 78.89542948684299
6.541860530039234 76.38493957557955
58.62707369656659 80.93991248050439
19.451566068349646 98.37450523706053
22.48470664057727 52.98069368951044
58.64722399347209 97.9058618454931
87.12895334697622 50.545944919858634
41.23244752702322 50.36047538510867
4.651091091965897 10.03101949504348
92.41230147372119 41.91729946278555
72.21242452851028 42.33616770315719
37.584481308483056 69.24226474218379
71.71598047273527 99.80581532339546
72.99666446877842 16.510764331445937
37.92032928537509 79.18304750915239
3.7155936610287044 39.91223142857825
30.338680728486146 7.607420219322281
12.832181346793515 47.214082416216776
97.84362364609649 93.31347003998812
55.91492557953185 26.383527436505684
13.79418877104943 42.98308495145734
64.80826469473733 14.950890484940604
27.628433745976487 46.61915626533234
45.409959770293696 76.62414033595824
65.10457822025472 81.85407050953052
12.026738401637138 35.239351858701696
61.76002209432551 49.25415196327647
2.97261494254194 26.702945268133902
57.26730603648359 0.2125555980172611
30.46591882883026 26.751894156352453
34.1880110150577 10.373407832843862
90.96206372376282 54.63283653912166
57.496860047285836 0.7099128436452329
1.428745462077452 2.6853017815726465
94.81725226663917 78.23154624605186
33.0294954014896 45.24801748673228
50.08792615677069 71.07213979655248
19.47560071233526 7.035087797825678
97.1905623471166 27.02332799378908
69.75102282104503 88.46537027674154
5.0286108728721635 98.82491498333351
25.479791056927994 43.9123706741913
7.5317463573479015 68.64577416341403
1.2150592219765999 3.743474967748184
50.07789073291079 84.14964662991977
5.950955819147485 99.07417336131711
44.90527652221235 76.22160438252088
21.45935165088798 93.53321810647482
91.9703204651261 86.72034665921842
42.76605025887342 99.8803040401626
30.996623999445816 69.6739689250404
84.22558274608657 19.536943890521485
57.01356631134603 55.47071746473667
54.68187443754163 25.54884753222384
44.504555533600296 40.05971835273616
37.211349691888394 7.833387617529608
46.32658791766113 97.95314291136593
56.473350100155294 72.34369456176714
0.6366479758826205 48.97856899857294
32.982095567148775 66.66136406174662
94.31546851392595 24.685671040117796
48.552323839838806 46.37665961887534
