14
35.474991005934186 77.79082434134472
21.8097694059444 67.98478758954715
34.640597386461145 80.62118781479596
48.955964012022356 72.48839754568773
17.876415265821787 68.77391964489851
46.41453297146645 64.16671504829996
65.0651820988641 85.50521420984708
16.03673783723917 75.69840505942076
85.58567055815377 75.02058193478418
10.73940006148051 8.482047056603815
48.742326130145855 37.90196153817629
89.30188703576266 83.45726471791217
12.471863854055854 77.27788781958631
1.5032146053021833 43.33511445274817
