158
28.83065177313149 48.04836344908807
47.47057768084157 48.39216844863837
11.676745615851525 42.91339710519079
62.803569913843084 3.097347085282698
32.743991374516426 85.92378818982715
43.21605972314018 30.349205813777658
17.30938770744228 1.2274377699045158
46.589315064726954 94.21453606304985
13.06088141808659 57.27737461941121
62.942365306916805 81.10033072447358
17.536536400533866 27.527361969521756
49.847839808728224 69.78947384391564
81.02206464331194 88.02538698281185
95.61809027305914 83.16321910004805
89.43748085252754 22.414653157433374
90.16611955277757 42.43573780255051
77.26665351088225 62.52868296041088
98.27525270827611 34.350715455636674
19.894423295953413 3.085890509464273
46.36525670536656 93.16844313325642
34.0083643981956 65.50514074568312
93.16450591891397 19.252206949879458
39.931834688152165 90.66033119981334
46.56443126567221 6.932547603409411
81.45401738859654 44.56379964160524
6.696687632482467 49.51199196880567
81.09989443539078 96.48861032104179
3.1329349540461626 21.208806938381052
64.87095683843556 61.42009713890629
87.17240507784072 88.73724089395074
36.176249067458265 99.9942616955629
76.58177746534378 71.52385367809259
81.10624776549567 7.828665692541447
94.34127559226359 89.54298942524785
94.55124649442989 26.842325553923054
72.86435420727229 66.38477825522074
46.25312833282527 56.129006343572804
69.43687056573809 59.65685128581729
77.61824895588815 50.72174969669568
16.149189896192805 15.518781052291686
2.5355764796743507 59.09640113712295
65.98694148448214 40.11842633548369
67.25630525175517 8.366958393895308
64.48462699062792 15.655027351862593
71.3584202537669 31.89115703378661
99.28244746791616 31.70035023927431
58.237399355703914 32.95472109049703
70.18552485080404 2.3073950900970863
77.956430082037 22.376903511464295
40.52759667378061 55.064579031481365
88.40447500896735 92.25348670616602
1.6287867763373542 23.28295028473091
41.249132060558644 93.46585155146586
46.56810565790285 24.410912555643872
8.043712451425378 20.607603191296043
57.35186287538039 69.72176455671575
68.73934271276994 48.28008374822728
75.4895797090329 98.14422759425624
3.4703559019087282 14.606045448612825
30.510311081944273 38.12073167889609
4.892316172764666 12.478411598918216
37.81882737380923 26.48875882616387
63.01454149761747 12.072114463677085
92.52313055857854 64.82334444194778
71.15963127412806 62.15373741384742
52.360477421028136 81.22055610454181
75.38142023306983 84.42742699909861
6.309299538580415 51.95153386920516
82.8897681836881 13.145761930943722
9.344786969136653 25.430530995709212
21.937344898379408 22.70724126462824
2.882311397160986 32.39057063304727
43.26497074646725 60.1427433417292
76.8541782802185 40.46759161199158
3.2140503632734907 76.46483023890208
61.99022262060628 33.90997053757461
6.753798578020776 63.76919460340061
67.60866029309176 65.97908977140307
52.43882105555312 4.768626819664701
28.44489354670906 69.97258614286311
91.5598128582294 70.32887591983362
88.2152970655955 57.42851118335418
44.17880758359486 58.67268720923666
94.84141721784493 57.05617255737039
98.20161204268892 64.86186118979069
41.452017932272355 75.13317833426544
55.574199886103905 35.318188549740206
69.93696522256465 7.1930765373241945
40.718589990071564 90.89330392082826
58.695126362790994 5.9693127384776385
44.769885402566956 64.01489158166213
87.98952705053235 84.42198516391392
46.064865861884066 26.772042094875147
6.8094439875038155 78.67320156894881
60.878557891620325 24.373097781764173
8.968670753556795 59.251033070688266
68.35527228463243 5.122369635389856
30.52981883058896 57.61259598552378
63.44519389783703 16.84372962413535
83.38493688883615 79.12535480062334
52.5440135011934 64.250927994726
55.70537246946042 82.08748481796961
17.849774921117366 5.074041497997229
76.29207948815696 9.349552173712716
97.65225332596398 65.3758415371475
18.096319778691527 12.971948812273904
40.47957421765776 21.96672952319314
30.068906215966763 4.08322696721064
44.338283957410205 35.91161430052207
93.19703479407121 90.92855390928693
97.53656569706365 11.490311014984355
42.955042866546 6.963671071743461
51.43215242394823 48.75991523419378
58.35163239836163 9.830576302567728
36.97718381134377 82.03619188448226
38.168356753750665 55.29324546249147
72.97778933977021 74.04021330388274
79.20225347025207 35.25092661929037
1.9285293345873589 25.064686364834376
29.887888782584817 86.41868675762423
28.640842053083315 78.03406256839497
42.4579262003963 43.6168531081539
7.912723237896135 11.00007381758884
58.70705162358883 19.087349219200267
99.81202162624724 77.01063802292258
7.5177132953828885 91.53943866609399
10.167683314040588 62.68213075763476
34.62790703104134 7.064829860166
61.19177585601956 1.5747666699144292
8.958203595133785 29.329218413212686
29.741641362487726 62.151185464069016
40.86647740442033 86.88920495490122
12.8018246786331 29.623073438141766
57.45412057026253 93.31719941280015
22.659447832175537 55.51666320182258
41.80839732400178 31.23871692432455
94.0410057336154 91.1973868890496
49.085930003291686 87.95703802301686
8.168662355432122 84.22538865895152
61.14959611793639 95.16874589299549
61.870171302190634 20.680860785533774
45.06919738731793 60.18564721296178
18.60835737520391 7.974543046205007
54.36842784421366 84.48872875764908
38.621040372661696 95.95884427575156
40.05294752143793 8.711090333551796
41.35415815116944 75.9210036410329
39.8160936783372 79.35946578206506
92.51855073268581 62.82995106809452
76.21501536571496 36.13817407526977
19.191178749404514 28.329875425296226
66.56732830486168 15.029010156750477
69.91005682436074 84.51629809914245
30.18834534773728 7.426034133293857
45.15325623896123 14.90220386391049
13.174009027881118 50.97553702139791
91.67897383150978 43.60236634763304
8.63096262193631 19.647805577088796
