172
7.840382054418016 63.194548542458726
56.736563001374066 35.780669326272765
87.52984201906054 30.017244581130033
24.463534648802444 71.36810569227903
1.8426959604682769 38.397143757276254
93.12598575388567 50.966393342661476
95.66330109339111 40.10525323378039
18.39566938767415 45.81081526454162
9.186390460177929 15.243453737253487
81.8085558435877 11.773460336460385
74.62913300435154 35.01609708290635
55.68177022193789 57.73506393041023
15.88234430380464 14.431653988898551
53.214450106023094 61.803225617672396
58.007705656445395 99.85246338201097
95.35321277057564 34.21977445445826
96.59092993044538 89.02081431800846
44.52484989319242 31.68001971327149
78.5297968331511 18.44628772423036
13.24440665026353 76.90602178991902
90.23817934970657 12.181202174023277
21.496647333779094 93.85316106081414
1.263881835407632 69.31842790301694
86.18150045787739 29.307086152023707
92.51146810360045 7.611011013801794
50.233303049522185 27.063242293375257
71.67565010008185 19.04110475983002
86.02294236441824 85.47728301466712
31.74833740511984 51.657836914271904
20.73416167769614 0.5513655686143148
38.54859206615362 9.044165788421953
4.090866210763744 24.516565604764217
71.98562722082563 46.54985049607413
31.670557240530727 17.790090733658904
25.68050840453917 56.20526126202636
33.48189956325452 6.682181569415779
39.88269268408341 51.983800210134255
39.318984821164314 4.380818562887279
33.88642674760742 59.5431689423323
75.50875268105908 78.62375310548538
0.10615093939231324 90.19761869420722
84.27427899341046 90.0898584537969
49.75481927641573 11.5125931737312
23.04396214062213 42.233652650660645
41.779719279651 73.66648625385945
3.089941724487677 45.277071527451305
33.53966455024797 38.79306431498474
10.289132667490897 92.09617354874999
25.320279065685014 1.4860532046009567
33.88089819464726 61.135963303033456
41.46581766919352 44.612861081983034
55.05533746225906 66.29805924652119
36.81353770640775 24.203043380438327
76.46923900690416 62.29244573542157
92.29708065843512 68.00707211537028
6.367027903232225 17.490662072370554
11.33146742463964 67.19961202817515
66.13048030819716 62.632521471852
21.762773657263445 35.31012907123938
6.731623035655465 38.01810776451833
65.71727422371231 94.67780190534533
89.48057848854376 62.75119292053778
54.550415338968605 66.148027002207
11.895295886840918 25.821588907537986
29.943421544983117 83.52264009394429
65.53449419098922 42.80092666812681
16.97311931129468 29.287756272454047
23.29607834985097 30.752978839380894
79.30646315657027 72.93666856783335
49.77113516961557 45.00584094937445
50.61105217255064 89.50732644029407
93.59181462322383 28.59983901654475
27.313169380575363 63.06613400129913
49.15755861219665 71.75315096105291
50.849915852288675 10.294976447419913
40.70450220916955 66.13357108472664
10.112499777651118 41.387725163009115
13.925077585213664 36.31790470193334
87.71359336979985 80.4365154935665
96.35554795448766 97.94936336527354
84.72351585575527 96.90351795975273
10.975690845917107 81.91436414348743
68.24874197880037 62.15230971112795
22.020634857865172 65.80359759243407
70.1079436190479 70.87350775899104
74.59871744179853 4.919856150897372
66.44319026240098 33.204347204971526
55.8629477379266 72.63661147049176
85.22656726748164 79.89887755184756
15.611242957637216 68.95937590845757
85.92880826471855 20.827882044314215
37.20476364952923 59.236042399173414
74.03595594478297 46.993339018146216
65.9599644615327 95.12535864670451
47.62809273311135 84.96404699227064
33.66998909990987 49.020890457068376
56.39249774222896 46.36289861704309
13.204282809716394 2.820475017548474
81.23464352556739 43.85997207178778
19.23436462460806 6.631291307949983
57.08363095745994 81.52698682509289
88.58837946186227 4.601924845403893
23.92592387273531 41.785328911106944
40.7851884442171 61.74113070136625
36.303237022799784 91.23568809329315
50.96416934014639 67.074321787639
83.51566036329804 58.30650661749177
55.8343635896217 85.03804351995078
71.16293163566918 99.29759312678513
73.99320213080514 2.776429553776527
18.969453166237514 29.761865340900194
71.57510565667735 20.0007203479004
73.34202176625286 0.4059499046430437
84.69364997130859 80.85476400699186
80.70843204465965 61.46866750365002
86.59292095555541 44.27908023087181
90.29766427213414 37.58686625280473
99.9237557947191 18.725362420449233
83.75688165104702 64.39625299439648
77.94957320901602 57.22188313177603
36.55803069814735 23.939969327080124
27.878063663803264 57.26224556604386
99.09743742662671 35.39175955894669
74.18133649210719 82.41906611493239
53.30772051692215 57.33949098320438
33.222607949784035 72.36529072808736
62.157023451267705 29.01525168296486
21.06917080010493 89.47209639787968
20.83768936421392 12.900002922970222
38.65742525732646 90.26482363344583
76.98623796038446 65.40190018136892
82.1477560273228 39.62064254720816
27.83763837878147 41.34100618846743
63.88924807574442 27.63142644172496
61.73136804091466 77.59316676022492
95.76826073299188 36.99467563127921
73.39868826914308 37.49676574264187
21.29397781630521 87.6538942696838
63.47128038883676 42.774342420596
28.008398734709782 96.0564688724803
54.193954725493676 33.45342359503515
75.32510770028766 96.08952720924657
29.087977885139317 27.767587110530524
22.031272390978796 64.57965043291249
2.2296889915027984 16.590088366229892
69.05977374639981 49.08026370745681
98.75065203387527 24.192444729642148
91.3221394913916 40.591275080972856
38.264481735291625 19.765509075951794
70.16857337305595 83.09893024432387
53.0114628889498 28.168412061170834
37.35200772255324 83.17280253298695
70.55545962541142 73.25981164570483
47.69479887353175 2.840342857378597
93.55821496121763 28.48022612297425
26.06067838951184 49.78877880358235
15.744830207155601 96.93064072996948
37.0820715499938 37.878184611334035
4.355077744661351 98.81323089329653
8.854822995517242 49.24303378091061
8.73284451102868 68.64219606953817
6.654163416283565 33.23749381918809
21.00043999129393 3.210292347113919
51.71222595895908 86.61962899785904
56.54210078417338 58.77156534006281
44.97755817228409 28.31866381170538
59.934608332768406 91.29494274079309
81.69755273181899 75.80582849221503
7.068519076065771 58.52064496770547
17.356213950792586 2.4035105048516914
0.13181140030346095 56.55049708871198
89.1129802632353 79.37940355544463
