142
86.28817001417116 13.56053087754512
96.80216043852495 91.56045792148288
45.177677199301655 86.83518901377045
4.186129355936541 41.633480419997085
6.838074974665409 17.485999360198946
4.679358495326014 34.65406829902773
23.66842546633421 26.911529074090936
35.281575681059074 27.32658817169906
17.34134822092551 57.93007824270726
70.94819293143753 72.44740781916883
84.10851929171976 89.66944729381277
95.07175084007048 78.21342309614037
70.56058247504008 33.45843999114469
31.545569471794444 25.331259487445134
77.11345863965002 12.588837630426353
82.17717226601211 75.1367301320815
54.886982962081795 22.88363349157504
50.92177726311979 67.57940485713455
92.56113319146377 88.786142997974
11.37713372260758 33.96819589920439
88.25525401127966 79.83855475758578
75.57671245684122 95.36161597545224
18.562393717353142 8.809576504886374
32.02452719783064 67.67911881296081
58.51961886848211 97.86456029738414
68.34146292191568 91.19394623636887
23.70462624054095 28.17123785616813
48.93214169717178 71.8405167887036
75.76801175617128 71.67894716755202
36.358883415111755 61.50469720014642
40.54838825482583 16.465553199809293
24.131609773010698 61.16351548947549
94.11128760428761 74.5792245234914
11.852878108916565 26.992169764717367
71.54839139070589 76.8299477057753
63.20992616110765 46.57600509001255
78.1346304305779 54.05244857454413
96.85118927288455 6.673499747443756
89.51299359188184 2.4961803420720963
36.069626240547656 2.0981089931718766
99.1470084636554 16.100649958298476
84.98343801291296 3.9250629767165757
71.09638207022394 34.590505401765505
85.57661612096182 0.6080605766108027
8.689034660644147 64.50435483465289
11.785781882473866 20.33404441856931
47.283542903787854 27.04768109038489
9.253932178881675 93.18285128724783
8.572828245091468 95.68496091717999
84.75136348489455 68.67754525123588
23.113216499058876 0.8138519947667233
93.85591474801322 52.74900675477049
95.86893952359733 33.27052410345187
13.976941343371374 16.40629591985865
38.94161958235293 44.933457178269386
27.67857115082967 54.13354531143616
80.42304480574494 50.48606014326567
72.8128553081976 90.57742481851948
26.146841027436352 89.01393813417933
12.549239740550988 51.43471620228745
49.79495767078319 62.92248542647517
17.886315867137682 2.3173855588535686
46.508206634438395 2.6606694667922537
71.74189326771028 69.16313250539342
69.19831443446134 38.61171169413748
12.866218202515922 58.825646853995494
8.473327068292292 89.13402293893881
18.13263960301661 96.42403048051092
45.13965541935021 89.26986393565566
10.974918074165597 85.81357090225752
73.43943625420714 15.71255200850743
69.78487831805099 13.68436919902254
57.63077790714417 53.969119434708055
5.68753202892065 44.67800237387563
99.27055782102633 5.592777852095532
20.887235868928443 39.83826412648439
54.17840072505683 13.19588506362468
26.665285179311237 67.32817038360636
36.16928779560313 52.972051765268816
18.396219172491936 67.30201156658744
54.16358674970869 38.29887491291522
60.57561634765557 47.003996477888485
93.67498255732724 25.5605090373634
99.20074187361409 10.46047834195537
20.504259271053403 89.64711038406872
23.48301191626018 4.446301682243803
1.9988108985381725 34.42594997460407
54.01937703184064 23.62408557551471
54.60946231562848 71.19801377020197
35.93160258059702 41.96197686023015
8.596746802296318 95.97985007562538
40.8176422869801 54.13474815435961
90.80503862901176 84.367124097265
60.868353702067026 83.30496293223288
38.94193528513043 14.330317435883122
0.9167166713088593 95.07590317260585
70.81053460216941 66.19284516758722
39.814219646972596 3.9434283080847177
82.78588369703145 37.99685403552632
64.09427708358344 34.85938893989169
73.77134207966166 35.33590417414574
52.01656848289509 77.03299805374738
34.07041980940574 33.209112743176824
80.41424054988498 47.83372839086037
78.60219006265005 54.95818696801879
5.349009409666861 54.231266366907036
47.905763648718306 54.42558924593467
98.96616561214292 56.78467681049846
78.52072611969983 84.01402169430766
15.912414293741373 4.870461006561177
76.93570143193628 35.50855626367011
45.881530917670354 33.864477308096966
5.554152603195794 72.11251614358333
27.82097947048272 78.23907682655
22.49182312843211 88.12762462042033
49.12414192287194 55.250757209382975
0.9114010977959053 64.9549497722658
19.220676678224446 53.73526906943751
86.17632801898087 89.42113984644195
69.09528860411694 15.288314250525946
82.08938231262101 70.88277310211619
23.691234028218556 29.47240799897337
11.230688868046034 65.37205175135892
31.762563309910274 5.8785716959905425
89.98183611491758 32.021769829864574
41.35553919547787 14.075753738803364
78.25534062574813 6.211932334827386
73.6554722202055 53.19787144391338
31.79274168097539 5.430104940265368
29.467998451506695 22.442859561963246
35.1282256627663 35.32146536810233
17.399843782106117 61.16995332478174
55.66666319692284 38.85445708458273
86.63436323823349 46.12081137518206
46.96289429920234 35.33949650854928
58.91374043785561 81.23898089634758
60.854031902490846 10.907532774959316
66.37857846635443 46.74834711301252
17.03603833830648 97.4694692374776
45.79720909954589 86.45103998422755
24.466178789138983 55.59957690526419
20.243087547552385 57.200535700500254
