184
45.45327091446033 44.08273500678992
22.288668487775244 79.67153561862949
66.23742103509824 24.235291312528584
70.97992261479085 58.99830809366262
83.29525801322787 94.01860110934535
86.83154932527034 69.6195539601035
84.33520296570084 51.08923628317243
2.646714585234322 42.152115983031365
14.333660089175593 24.401709850500307
92.40573051358223 82.4982688586621
38.02672812022746 28.50615976673694
10.645384890941346 44.25957574931733
47.3453825302724 51.997525864454175
50.049176498620064 55.73867552734904
74.60098399426481 0.7459102414177909
82.80134360642593 26.685409498334778
70.55333527774738 92.5824417788173
50.02396284118558 89.4612298705299
92.52553487995866 11.811655370121965
86.68198011801896 34.46987324163033
14.038423046782755 35.88965373131594
91.97235904680761 5.32348335971794
17.664717030119792 2.544348819071196
66.42410115837023 70.1563753513076
94.56940136242679 36.024219820038496
69.31805300502964 0.05922912107330092
41.37397128281579 49.66020861830211
10.553355737594073 98.2130990492743
72.8229809066061 70.77226610802263
23.511048257359114 17.63880562959904
14.487899597902787 92.17515580606006
34.01909289135805 41.115757741072464
78.47571270365165 8.8758428715634
57.34490123054813 26.062059177894128
1.95400589204191 49.60667601870695
78.2970010805158 56.73361363979828
71.70196245938837 15.382390942325163
64.71101721594124 94.69914948153436
27.47311687811057 14.127498947294004
15.112729809964154 69.13779900262107
73.50529885994139 81.15558239076927
35.349786977272956 30.9277872297644
13.615239524101808 38.84241219890294
54.29296774911955 22.593671164768303
45.58356048777736 21.181331097757937
47.23866615229153 68.51344128404779
88.32592529720739 30.64027151087496
40.82452161652947 84.90413534399113
63.90678153579318 45.20208727348083
34.47117553411157 21.077302450685885
16.576086858583338 93.5090760786878
87.24862497472749 29.600348229028718
12.00026535058958 76.42886086137547
77.04529653505617 42.827185197564745
60.90038964266596 80.61839750710263
43.229192778890045 96.6009038748971
4.307178249004984 46.493777429390434
72.56665569601576 14.619341284308407
35.30996081401652 84.95101392904911
33.270937327730685 95.37805097368461
17.833861238790018 36.23132232662467
86.18453987335234 65.63512042902619
92.51373278377292 24.755502958221943
9.047630814753461 28.415420445369676
71.33787059189564 50.33425272730177
87.50698191634194 32.133045210498445
63.14824935416256 24.115784844126154
2.7456382698384796 66.172723279289
64.03521770613365 90.15590747066241
30.48474594480064 15.307199655929315
54.634851264478925 92.81691771418703
64.76249752039317 64.73297244373012
1.635351055039902 1.5266230183244356
66.54664531204692 3.600362645786248
38.401122116013255 71.18303969027971
42.481418388674854 96.33221333623138
93.32030520133563 74.39343724199654
80.13177127413988 51.92260164881877
60.620385806436126 76.77094255176232
39.938467056329685 87.32895952642184
50.194349760173715 81.09742732335066
45.33092885081881 2.9304580067678554
56.74255626408433 4.946325776616945
0.7480792395968883 59.49272251757485
80.87024751777538 35.1960794426878
35.98394489009659 0.8737000626605873
0.8067274544863223 3.772277714079164
51.37764361174687 40.26440264809796
36.8773033682509 65.27154957324856
13.050680802716364 21.152586316634125
92.76852753055603 37.73549231917139
48.05234492357656 11.586368424611814
93.41968530937892 95.86897716599806
70.75428374485811 49.33995739749718
80.0489390426524 16.1960497512613
48.023839456660745 27.035724545772766
29.89374805467039 11.705375114163152
50.74622215166178 57.98286667656265
2.584710549179048 59.55821060002135
49.59759765234774 32.344944341508565
90.03678026391573 99.44564676125674
2.6426922286396537 64.02705223466033
12.518587341771614 55.5465790856975
9.431567331470948 16.561301559842246
58.625525617350235 96.34131291446718
65.70920130192629 51.767866460410836
42.479717287898566 44.38973941651698
28.50185505115065 83.41659057509486
93.17604400047337 26.997398381726544
32.84683619970489 83.63583187385855
59.52881138054579 48.853671619697835
34.556396360481365 61.507372702136756
99.8023276807499 17.276801345834848
43.03371470037346 41.164203863363014
19.52848812577772 92.70766431695478
64.01704139197753 4.46635460999909
43.44323860407086 58.51685474082841
71.56711462217102 99.29046727595743
32.55991907759257 91.94333794311213
49.758423534186214 47.173607624044564
3.5958283904943156 39.2112897267325
3.5819902788658986 20.25685051835192
86.04454596437843 87.13324199549731
97.51901481402433 51.91554182301257
42.11583028533772 46.367436691171605
48.51195972970304 80.59814901848715
7.773391482338465 74.3573730903064
93.19594902973095 40.45571378077487
75.01791223025161 79.99085259310262
64.24517529624208 25.5126086900789
68.8437591097513 38.150855493877046
30.711272335678352 12.39083930834063
8.12256265844754 41.88869710666309
45.37291467437742 76.15044872956418
17.50189092819756 1.1622887524966208
65.18608051686392 18.705523822367077
62.112555594592756 59.52643765545712
84.27478935869752 52.1774790501373
95.10552260972669 21.03510143499966
45.5304165941896 21.280677110134093
31.023727227445562 22.18048557678638
25.09307894055951 99.922968856647
4.49397879275113 55.47478601415815
77.06330619879061 37.274859409600644
50.19324407560135 92.78623577131485
84.53743734922944 48.99772778289755
89.94452066310447 66.84831391856957
77.57174586318936 17.015903192608995
51.16102119014663 82.82982341491025
67.42600822428064 86.85274881355319
28.29332729081202 18.328237530975066
76.6133087301178 99.38792323231597
21.563928572232214 52.687061573552384
28.208203333813408 33.10716627886724
61.51998112969049 85.48182640973808
20.254622130577538 77.61869060561139
68.51711853329185 17.81609863391961
36.68730766662277 37.28666126508904
94.96192841012785 75.61068192069389
74.92846923990689 66.27172334317649
16.548791238257365 54.36935098054495
93.55996920730672 7.229425649936561
92.10456968290706 85.21724541604947
70.04389042192155 5.846467193259375
74.44802614265721 64.69535236346181
90.54032704443938 64.58164043633727
77.08255795214215 39.88345434850188
19.82355850315639 87.10266678367881
9.222468833991393 86.50691579451035
51.232359699030916 42.30997756123702
29.886535570665206 65.60164884176012
4.247809118396484 41.69103229152359
71.25452754198493 30.05607247276777
37.62586819201621 50.977098838648814
56.502373881846566 11.397704321319047
70.04457773970763 26.94954853522329
32.763226501358844 79.39210956875007
31.2312141659568 47.01043084929506
93.17097627574927 56.03644105050184
54.990193387877106 75.83739611938557
70.18582952234553 26.15638349669479
51.41474658867218 78.66206492254382
39.36079764661306 91.1114421667771
19.294775728566947 13.916408681639735
