173
64.0657082061697 77.95879798648504
66.10096468803502 53.928107754254384
41.04683870563682 27.89317768207511
52.277568635246176 27.66960088701471
65.51545483069 67.96711879241974
54.444295286441246 31.27818893971166
71.81975138391006 24.667295871292538
71.30279673966108 97.64807539679845
78.80472674856101 82.75994837221933
99.58742590542336 19.56678938797829
27.579817835017884 20.112426309166597
2.4215063139493953 54.19749047786374
33.369067827094014 6.863701186647431
76.85089844343157 58.90071066603455
22.47398177130764 4.846936805446845
63.96359898921794 37.99339564435363
21.916928052097074 38.71808227578478
76.63332451565597 67.37449643405368
51.539135785429465 16.02348794936591
10.144037426537 25.010366469299683
41.797576053494886 92.73019921058335
75.70247178817999 40.19886113854866
53.38630230409341 98.89935805153934
54.86955927827665 50.90140901124928
38.95426066115256 8.556104292843337
87.5207427634797 82.93229059687086
67.39582198288207 60.58814115793065
61.13690379669116 37.67493604445079
76.66605067256673 94.0942588596707
24.67935013846889 10.229133351555875
40.00777574947815 92.15648935095976
19.078163793934877 29.28843031087918
5.903072858220182 94.55474794107057
84.44695622957677 51.17843213952935
36.25858063702756 34.32839948945454
13.903025119794076 36.7966876702272
95.85847229703093 65.3140018612475
41.31844271225978 81.25184274439404
84.8382452544444 98.70852773991523
68.17575775695678 42.951460519799014
18.572565618025592 35.62128206207868
71.55121567683739 15.811887148377402
53.99399340223421 84.53623772501115
93.53696001898994 9.846076224934153
83.03412597890073 84.06838653762465
35.430544296994896 59.13902106223917
83.54353090050283 42.651818698195285
97.5286948733739 91.67591303597239
98.16933734822068 2.550496429105009
81.24032024508624 39.74574949600749
38.69430193080834 52.19006827054008
38.68666804907907 27.923568438307576
27.890358767784218 93.81389755334413
7.304945716830824 4.988212522071056
98.63251391217133 17.091826764466013
86.37950676115076 70.14584669289152
86.19590493736857 23.217304408730776
3.4121930721665694 70.15955015159903
23.499519808595203 91.27286404996744
30.1983385042912 68.2520620621145
27.325738220787166 11.723381462533988
53.39603428021117 64.52498319945327
85.32393475307124 88.18448594557093
17.166574128315027 89.00305259585998
81.15204037505676 27.157930244619777
1.5560434110778454 11.850061017248025
31.297302895821076 73.58860708604136
28.566690570620334 61.414171495032775
92.75616575523632 49.79541796371399
36.74215916887137 96.38341650463202
55.497316943858785 89.86458426950709
53.155078615423335 64.54574653924485
56.61622601074872 48.244027120413826
73.00874156210672 21.159136282356904
65.9216318382406 93.29607533444332
36.935653660326274 56.198055058856426
99.2527312204558 14.219908098071421
84.5794887928474 86.70068189571971
65.02334197304187 28.38287004505756
31.417660023543746 20.99690559571812
79.98186786892649 0.713043999352958
21.223076010434227 74.28042101686
19.870124789057584 82.91040101881629
55.28575636644676 95.48815406998835
43.514807395483004 15.62213314676858
88.31620345795797 84.5337848009103
91.94593459860492 3.216732869540617
94.88452620674607 9.459955740266713
17.77255310579866 52.30605455516801
13.456530391702548 93.27133557326268
32.2944011434281 62.377745241398394
22.555750812226915 52.09449831675933
28.843840877505034 42.35764630735764
50.106053865613575 0.5934775957445737
54.09346533890397 97.99263054118929
78.13465070467328 28.12062816676335
71.09970396817099 86.44326245101685
72.3249558173284 28.727986905658632
35.270689280340804 31.713104667398206
72.44126585161365 0.5796426545733868
39.32370970635844 44.76665427444472
60.250310906641346 87.43539890116192
2.807944280206176 42.88017622429554
72.22843957991915 6.297473768049999
40.41969819041243 21.061879657495254
52.757601339100525 37.01325444040595
20.467615726800116 65.20473469705786
13.55507596498854 3.3717549314707274
64.73862624738803 37.12873775060533
49.77823976403016 38.132811261478004
10.672749483919352 59.25439108601328
51.972945201011186 91.77035207699257
40.388006928134466 29.413195626644438
36.316018413742135 15.248423195168337
23.772348147443758 76.1798290636044
23.855157886488254 48.65560002735467
68.10010164462578 55.35135792486625
31.779422460421237 94.68847031569382
56.428947676655795 98.79290986780681
70.01798692415977 52.03724540640478
63.59842556462178 65.14788494006115
96.70769020987197 53.06703961316369
24.654407613736986 52.81964036521174
76.2539229158705 74.52501490493229
74.03054220621613 25.681173736039533
22.33754139073689 8.704420823745584
72.57983144199318 45.02659096727272
99.35738272695265 69.47093112029457
43.371160915005056 17.634269227178358
89.59171373276642 2.365644065331318
36.36686677714296 65.71387518187953
18.159054272351227 88.0288467330532
60.375346812520824 73.2428967015473
97.4523363171578 91.42852193251898
64.80930152724213 57.41649469948498
24.434477263701748 77.46141131145198
20.734912047676314 82.41975075339701
11.534058279604043 65.14002839628606
87.71890702083275 54.53700443737867
44.8146049962623 15.164507585205866
45.01180777085552 90.9886944993921
78.37145901811563 85.99493031584767
94.44408290235056 63.78008514407725
52.697436044931415 87.65023606736729
89.55741904776518 22.108936550892967
66.92598853706427 76.34337287081925
17.06284452535398 54.869217117792346
78.00581689054738 63.72646293434146
52.97620303439856 73.01797621536286
60.97306602721915 87.07491534142898
50.075824008663005 26.702671929670498
14.177417778419187 38.78791097460284
4.751662618994068 4.56379681994129
61.57123678168869 37.628312424285895
97.7549546313398 5.380293240247102
34.80515153261108 51.60326754556128
50.54818415652199 40.56928073088899
70.47456047924847 98.1524032593452
21.01863807969302 96.56885987937069
75.11218302618884 95.5296991612093
24.98068912827921 24.639903938141284
7.20395526335138 4.224353137502169
55.57081519352751 41.59039433397152
75.71269697250719 2.273408704733748
20.700975297404366 65.05798532087962
63.47362497356337 66.67449152825144
69.36690941874667 31.494068991232115
20.261423394225375 1.8151042298666042
32.94390134480181 53.7515725641329
13.424651177132684 4.4390227641845525
45.05335656192342 46.79908926447914
70.16909961142177 94.35493501385821
18.950078124064586 95.16413600517124
