113
1.267263327077639 82.93065555539579
79.90688818713514 22.771467704284976
21.4571239909196 83.20187120125686
71.7211133938113 48.80674005027173
97.42427885108866 46.72147420955752
26.262806160577433 42.66850049756007
99.55795161100043 76.43135814817865
23.430795257196113 20.409999475811492
92.98710251142786 10.359373477340306
10.544209842825436 23.249305004267697
52.71950674598871 79.06243349821563
45.50464329940309 54.509237218100495
96.29761178241544 34.92785966239109
67.41244068848128 76.5938945331239
54.7140699011766 52.517131477424925
41.891673661162386 6.579369739972751
13.188986393808023 2.592872608909891
64.00131491469809 27.087926916387627
90.05732312073205 69.31564384486704
58.69139215836552 63.501791349170446
17.800536609401007 76.65095538592767
4.7258682439607735 44.029101855676466
80.40651823122705 11.011743570017307
21.94679257779092 57.753691201655386
49.151837966480805 31.22516028399369
30.479340710591263 51.500202909584516
12.541583605248485 98.40213797404782
23.753903187178903 99.1434726810161
58.273342015946184 77.28544136814097
69.14548060882316 10.83592536391783
46.982536078066595 35.79337762294582
43.64606772254128 73.81662675904897
8.086163448041429 11.466262513067093
63.03743042076041 30.27724594466863
81.57861607345122 4.391873587610096
84.1071046558536 83.42209594634838
72.62439773486416 74.21001722421066
20.65471671750472 70.78212602870818
80.11642075165285 3.6404082954433314
13.113910757486435 11.084139699725547
60.76127081381921 36.342567648254764
90.21568996623152 85.32685377120781
60.892173587570966 25.599534668992607
20.948333860555646 79.27531567559441
28.05420131001739 30.80644253999527
27.571982902115955 84.41321934485177
80.07501337149097 30.844889952596777
85.5212826693125 40.97985492878566
2.285725718246978 29.12396683771522
66.77912723757763 98.67788601905222
63.307737267256826 33.901719068449765
33.06842851025645 80.05246155817342
58.19004828490828 87.94847285924267
64.71180692426238 66.82005174897085
57.41209407854885 8.078386984463592
93.78717110162907 89.83578133018037
28.982805751900642 35.23184245390498
50.46709293344623 50.476560084290114
70.71715482498786 14.789469014891976
17.492790555507398 81.8596144437777
65.55972585402925 14.45396723606197
77.79971516649739 12.419614507516929
77.49462217516164 74.64124589431164
44.534723027762304 8.954485629891472
1.6699524292180357 61.273693932982674
35.09724747749189 26.085960735193826
85.51475224127078 5.632705118806191
75.10184849279604 11.49803613525503
45.1099965753241 57.507751583580315
62.54626672549816 83.11972029850763
0.7754666457513104 62.34039945595896
89.46264603348428 37.971190036591715
74.25141725180218 28.94360674330675
87.68419814171779 30.481107748865533
24.12062481382763 72.85485191891976
75.98228635065516 20.022923150684015
16.643973445925187 13.915168464288508
86.36553666163151 56.79048887268338
79.56602109824537 81.66892343083859
59.03630759596321 6.9292351922568995
64.22611639383499 33.32997134254545
91.27359838270804 25.017101199664904
51.54587470954528 30.688415609014854
70.68647163693879 67.27915354378447
50.163836818358966 11.173272926219191
61.60889720212852 15.77570363190276
12.332257523849943 63.70867608657919
34.60536863767233 22.98447271072509
31.988873183259457 83.8483756047524
92.29456292242604 92.86462136851927
3.348438428198186 61.24816440937543
41.51109867680714 23.280703493151755
26.109024889529376 7.9796939893026275
16.312018725629006 93.03018292605242
35.25918933493259 63.96028413263267
55.54891864627592 48.8020377357862
29.994482363874265 14.716285411193164
70.83289654966899 46.021945317925606
72.94484022469408 72.4934599839347
45.81543284003954 32.662139728282966
98.18666874716222 62.46381421302728
31.03646603194453 25.399431797010042
3.7937904009656687 46.62744584951641
60.63322069298979 51.08711314040792
33.57531762777023 25.887470270488834
52.33958785826335 2.2663981746061324
86.66585696283214 77.59975984620768
79.2116360808509 80.67832514988696
37.69493136157299 65.36025595555483
12.556193134569982 98.30828021362473
27.199545438635898 29.70263381349674
54.769393683903424 63.41237904688739
94.06702930076939 54.90333198639452
