122
15.82010223303294 18.025239089652345
99.45402870601558 57.46821029567243
14.670969341294327 39.51319843877017
15.646909627589089 91.67438742058839
12.324412774714366 30.241449369752004
99.44249881667973 22.6747940381843
66.66027786521279 31.175891638208054
34.4338377167325 48.70333879438293
68.9043124007388 23.020397039117125
1.002225648274091 12.063979113466793
47.851657273795944 97.18498763677168
25.831052331253723 11.015545851543095
78.77861712371246 11.716319608944847
26.53618746394376 57.8152528198998
62.061953661764804 55.37842301756311
95.75225882932631 77.91258546119678
4.533142455144379 15.607969062480965
75.67606435963586 49.749705344316574
69.93811390999073 69.90805529756828
88.65026528523934 17.50075299617617
22.996049188272284 8.647041539538735
2.4946300390042198 8.940980470644721
52.15773103207321 86.13303583480587
62.220993327838805 50.266141286681545
51.55299095208121 96.35554819805454
18.763811529446627 74.49108334189428
48.022632063855475 40.30530796799917
95.37592558347188 28.13427542079836
47.05037651772951 72.57348957513257
11.249133731210325 24.275324212282577
28.11506443287335 35.37291195810953
67.84235085454432 9.230790430458569
3.935512331925528 80.45926965412697
28.15557040956762 44.19019554308642
20.320964116847616 64.13283327156833
61.98052913150828 61.50022134436344
44.43624662643515 80.70032137978872
0.18868261249022078 55.25362718258404
61.27774510315888 36.51824818394071
95.31237136871611 73.30972495514428
44.13486620080646 10.34417921341989
66.82178635430421 74.32167504071076
38.50549640350944 74.40997242799108
41.22005145599984 16.611345412508815
83.91955533155068 23.716672918533643
74.2507706468935 5.148277061272044
0.6491794988907285 16.237114372645365
72.5429150700172 20.068520941999925
78.09709392499082 65.56050113786533
95.89352173000623 64.3458440765717
98.90097127191254 37.92946527067906
48.66981627505821 21.335321295059696
81.61519945358164 58.167653188899074
98.25123267106686 36.292231900606765
36.74142660961747 43.260724995393005
52.27980199662612 23.106070432065028
53.83914741322272 77.22845280685958
31.8920461058148 45.64731314099727
59.458348605325504 1.0813855197627675
34.08569895943644 86.40683184753472
2.0927242627974296 37.951517142878984
4.600137331823396 83.36812210923009
55.56971655662143 77.26571801228886
25.540426395960957 12.946513799963121
84.9862016956943 5.638892849515765
47.98847126193333 35.412131857927164
91.8689229095872 19.901016891878488
11.213589058681062 74.39220360982142
54.61835133142261 13.047813076587945
87.17366765510639 4.714502110606212
80.77164119795181 88.95025959824608
14.039251272651887 47.77276864338431
58.01654654926547 93.52503428167753
48.45380878255171 75.08486455955638
46.42979763709155 27.33904530631841
6.048425054395534 44.023830151645996
85.26277088798128 75.72325828231044
71.40887245207954 79.24317246108903
24.936974415239554 9.900045301976224
24.464560837873005 35.92946332452992
60.18763685329335 44.743332934143574
58.25466168600578 12.812032118901772
50.93629621238057 49.10083968016317
68.29943951878016 1.4877163487111544
27.829144181375188 6.438519365601103
53.45086329131966 87.75411242062412
58.45684484675026 15.90336618913577
47.07986855081096 59.74786741086733
45.888115051536346 82.53786536613691
99.14900115689127 43.08070048209465
32.22679898928919 94.8124854469115
77.08305473226056 82.36936113474448
93.55315970377592 76.45559014116687
23.376856343879883 30.37330102819128
18.397039712195074 99.0824020010944
7.930387887081869 50.16263444631193
15.026914308228756 5.445221744692641
17.763792020458304 4.312421047237525
49.385653700460765 38.13643932717762
8.233312229053558 16.54222135398342
13.986225605077085 37.7053786864558
81.27890503518253 69.57305222615095
11.599964956332043 69.9211149820819
18.771754271492103 40.466919904798615
90.28437659779416 15.134840123290017
85.5967034881627 5.890479715297681
25.96864038883375 95.76638078674357
65.12064013692193 90.73142906631072
33.93913074382912 92.22174020935155
58.813963545908756 62.59268206233012
48.44541794321212 4.988197748691747
71.38995636789635 84.92821091862857
60.20043744335726 31.482397309765766
40.314080537760574 72.58511287425726
30.784864497214983 77.56166705239555
11.533295274211364 65.19644987818742
60.79106316976344 5.410199527988602
46.91138336441739 34.54828938946155
67.86045515482255 69.53886830161949
16.388777771924936 29.298888389781364
11.205581967591794 39.27665652672548
50.2587661296959 95.01610370056113
