136
27.60862460212473 65.7872380281718
25.616699617685935 46.22399382163154
70.98916259650986 39.703977523478684
59.77948013082347 75.65027350094809
67.78659368395462 87.9304006808241
75.10200631824416 83.41798344853079
22.092555496337006 18.894487457034803
44.804969561484796 52.20607703906034
35.318941038744036 77.80145563470579
30.3853339073746 60.4658291641382
96.44135828281787 87.96559088366583
0.8066480159830802 10.10338318338121
8.259138244249687 89.63262558730209
53.5717817816378 30.424294948735444
67.56391767298493 71.94686246341227
46.41511460825767 66.32940954958863
97.61432401948281 30.415052067357017
80.24977858577954 45.32284283796957
88.90363377566281 74.46142928731818
7.242029991147636 19.615380183237253
58.42992902886293 4.61546518390038
54.095156511392204 61.49282769640416
68.6766704032206 63.147007148862436
25.03651938407555 47.45041531527161
10.667558039058234 46.09629686736723
81.34644535577287 28.409760611996116
24.125775828872708 47.16534633479406
99.5766131922445 29.258212335074553
26.700389817757163 35.99284811039407
79.19038237157264 27.964508675209785
57.906707628777156 2.398702818553322
50.50316380174996 33.941139673984146
54.65620999417102 20.4794899348132
26.651967460331306 15.381191886846901
16.40542416509745 25.371409864061455
39.81108469180097 44.16500904625974
58.118152323380656 73.9171171733092
64.63895693949948 31.284816771856548
83.82717142627871 63.81518623501081
51.521837710983476 76.61629383752788
7.180822553929611 28.065100571362166
77.36113270484965 75.8287761246216
73.759838124779 67.87258015861747
57.04674835382241 6.6591451663313705
79.07914266824683 75.85997552116041
53.39895058978266 82.83699654230367
36.81849072098362 65.6117445094087
52.473175083015825 55.47668133366619
53.944978036674605 30.38155191775743
96.63307327355854 50.061710601988764
11.913224709313642 45.48689612156919
45.890616699635814 4.045984006978943
94.80180358769705 23.27308219590851
20.930736810196958 30.92040681995195
67.02945313889825 53.15112839045179
64.66948942376722 6.463227364599222
90.03539717988485 5.56876395939403
6.935444685255831 3.031532595213693
58.724239123046594 63.58444197666012
57.265414829241124 56.06438954871676
89.72719244186867 32.971753831584515
54.4487992832907 77.52589258324757
82.80865018781711 31.86804670643777
46.51011889136796 49.098260143171444
85.76879240798026 85.87605745135637
47.49352415147764 19.722274858375965
72.48904909824677 21.963120495708456
64.31109110100026 47.149133556578725
66.74774813751596 42.902164480455674
17.866499357102306 42.69294991580392
42.185655029385686 85.6005462927236
5.534406478199405 82.71728611556
90.47687839599281 64.96726434934882
77.61508737732872 95.94727106975344
65.63112110770292 26.7089933785128
71.92954042819714 41.19115530654176
91.513653451041 66.04037749257759
67.99982227460985 22.24794791910246
55.76871219626618 96.53592211755341
65.31826200656684 91.80730783391084
85.09870510863087 91.8503687919075
97.23959914922017 89.1098321015687
55.22992653982354 29.999871513289776
96.66424074319676 52.0904622935912
33.80613968967865 31.493425214910765
59.3935116435285 22.17300642184814
52.998885976370445 17.247463465042166
75.00633788238994 56.00913563836312
29.581027639376877 30.92552398506786
69.6571812251465 46.57833410940351
29.019765167503554 20.344325908749184
83.05768628138954 35.17282761830963
47.040912247186164 8.738435596806415
33.96025690147935 6.601582283929519
30.973253433101256 88.6393603254043
90.62701168852676 30.057859208291116
68.75493944179152 56.87337227516033
19.441541630531024 86.04055204625571
10.982530679715586 77.43530856933697
17.586897330597196 30.462184938523627
35.55536759683182 41.88765305426014
29.585651613309537 52.90906586046813
78.32894922632047 39.15743222408379
72.47452915491878 66.61382938214369
8.12581272206101 92.6174416559909
0.8293142041610135 78.68315556808237
47.77445358263614 81.6377376411863
21.219419358067192 86.4059973087589
51.67461290934361 64.13859487719154
60.68891212575861 51.021250999170555
51.95111939029785 56.60719522120412
66.99402378203906 7.678996953331973
0.3835157662214983 19.336894523714676
66.44953373605678 34.54623283401494
6.894757657145489 63.17627318424104
42.729465215067194 41.392298769141334
95.73910096471499 36.58273316836546
32.86176507548899 9.373759414987537
82.64083079668127 74.59693135974307
21.528169309109447 29.8388404080849
30.762296068580675 22.619671614701087
56.84410165809738 79.54661039204505
88.70457648921278 87.67485707178379
62.12405176478287 44.45746003787173
55.88452071803476 71.78571383582747
74.62648107458595 49.121072370022965
77.77882669084607 60.5983646210978
72.31661143379017 41.734218052443836
28.771479343407414 3.503564944796156
8.675405943349224 80.15858897247868
69.35461207209316 50.89915046127948
50.32672566534943 85.30920839324361
30.25762623670758 89.58929229634413
77.37890590836619 20.967948338948695
1.260784390043579 23.151889865140284
24.850005361836537 37.86973663220963
