104
62.26467225774732 42.82926457364392
68.5665104708497 34.14797281097345
83.89431550161952 26.935273244579385
16.39754046676154 2.8279594981979073
1.1471214644824035 32.45469963689346
12.167877405597693 84.73285034987634
69.13051675612549 48.85915125542145
25.81636187225046 47.07450669039211
8.605492827189654 72.16397668826548
98.8514986616608 54.012059163374396
9.057297172163992 73.64654736209579
95.69748328071043 37.094189504560795
27.242237852652686 81.00358613694665
75.56653257325343 12.184109629527063
74.9131623704919 61.337297241849065
42.10202159860946 92.63308381615415
9.533158371974027 38.182118331156126
39.581079078965395 78.99282782527467
10.534192124193975 80.92257129121955
63.96788653526252 16.675154545920446
12.387752584780987 79.3756768444803
36.59554021694929 48.167387301535136
51.707589600186374 12.947947548829653
47.28330256591917 47.16018680352093
56.31808272798828 83.50248260849868
50.3286536016965 17.04631105907355
24.617521843776903 41.45351656183489
65.3164945750421 95.4671122237382
34.90913670423647 59.623468192966754
93.22985830094152 79.36336703590723
80.40539727937556 95.57165406668021
90.4340973894284 43.92495494166465
90.69143007846539 62.524267107625654
50.18312838716127 24.315754180184012
46.013828885857514 19.894968437544712
40.184470215068636 14.589553193368776
28.59594268405531 6.616247637160666
66.4109005149589 68.3845188198878
20.818401299421307 46.15043116829878
38.93702124187401 44.948851718387
71.12813236938489 53.03274313936529
53.550553601878626 2.4012922714733653
54.09908917061937 8.87335858937398
75.79573380648357 39.32669005195285
54.809570938472085 22.644435808456763
83.26704637180585 47.98274661943758
65.8047655634618 44.16545910253067
0.7900532282342221 28.619987337467123
1.3701040518343754 45.98988550143087
38.311019918690036 23.955561753042197
31.813494527777287 91.86461254118127
89.31975854544967 15.503141773527418
22.02111396545251 82.6286082107487
62.55033615427049 70.51806179125795
80.16465041048255 33.74240320683689
4.686740322904271 11.183384902809257
54.756506493576175 55.39773622691514
12.275871848057118 3.4558776590847273
31.08281639527807 18.259204833267905
47.09316038367321 48.21148926796507
50.432384836985044 43.30684026180677
19.13180070988053 31.078247648509794
57.39703704378676 69.65363276673995
36.96425258774655 38.59616628457451
32.90701401707001 58.85527746692916
90.55354239717957 80.6406020396876
86.04911893787902 63.507416001964756
89.53036694899652 34.81193653169128
56.86460454183428 52.168231913191065
55.7848257129274 95.43638615582812
36.534241403856036 17.736335982069008
87.61123579632681 61.86821531596255
6.214253058413011 34.628652712859555
29.61318234844349 67.94196422113345
90.84516732004937 55.709705027005505
29.577193808889014 27.34856395324494
15.403806061497715 29.298830584818226
61.10182237343261 59.600407322247605
65.801626211341 59.234583062879786
60.415519960880545 15.993169055783806
95.42328192056114 47.3230898312129
78.38959263592432 71.32079212488914
75.24481727540146 43.565300029317854
4.310695026652233 42.70225661343542
64.10074219442173 83.4200693597356
38.875161886189936 92.47680511439238
32.66179198353013 40.796747920980756
88.64474308207402 82.41442870202627
86.74243792776527 36.632436568801616
42.93236578263898 43.216454992748034
27.586924195441988 19.690475540500064
96.22041073736945 83.42616875892513
4.428618807169126 27.590931679142873
30.84473075706774 75.13504189236416
60.58024203490492 3.458655192409199
94.53695444906994 90.5318682333744
31.937376138077234 18.347414813010367
0.7420309916750578 27.069836957724604
14.02263900067352 77.06074650121003
91.08830390601341 12.963031268862647
26.997795765402056 47.54886700668464
89.58330955410392 46.662332780205254
75.87059867681668 38.2451007800971
27.813183204676008 70.27353206183481
