134
63.17341216214979 55.61057583710463
34.825880652552286 68.54502438180128
46.47959522820455 39.56856259667772
64.05205579720796 37.64439560273974
12.828652992867717 11.760469827111098
41.895653794031126 89.45706410638917
36.41782388194373 5.648964245916909
83.34463161830018 25.253149734223978
16.81468258150972 35.15696181561887
46.66317179473221 37.459956758381
84.61306742202245 83.50567720836744
47.10248697587712 89.85659073803578
33.296487857209776 17.847715814208453
44.32654327332308 86.18979034591095
89.57736122503037 41.985499545547256
0.9898944036980328 74.60688602134732
34.0422130513368 37.970769426611184
65.86105781197787 41.543081403587934
13.286614250920369 0.15680887302622626
49.42600441751518 61.25079858654736
11.699901037692563 84.78054097921563
87.18084329771091 33.287876853115016
15.176117412637991 55.47423314817009
86.37039735209329 39.68133573954572
36.776947711783905 68.74388641635207
5.062804786686459 22.3969587656906
63.61009075831529 54.38695079276184
81.28584575458129 82.26579586118902
97.7151132417414 16.786631264216034
90.4592583966221 44.561588853682046
8.138614416695656 98.9622806939518
2.3648754036051156 1.0887771980894523
36.03294030939759 40.16642476793852
30.9156050145714 43.02280583815491
20.44072737916407 80.73286231024007
92.87253246069585 44.295178103949326
47.18943398036727 35.45330955812437
34.53889241233226 36.365292563458084
72.92516444165503 69.94414986759939
71.17009374956828 24.178020039319126
35.67635573906812 95.18606596197333
50.36023740830189 17.971255254708574
84.89187002857635 24.420541937778605
24.462475637121763 76.0813252344162
45.232857960060535 6.085851708730072
37.25977133862928 88.53002715284659
66.25491201352823 66.32179509877541
96.86667203980467 67.17815243527848
20.724483316978105 49.11851160786019
95.69851360372573 90.57332236515882
52.10978147995134 15.873979344562306
72.44397542787038 52.206134566506854
21.413530856430963 54.14317283138133
36.70496190562466 1.5559676077313234
50.633922836503956 21.772479280086145
56.749420568087025 75.69677059215591
20.62298693494038 78.16094096087656
61.13571262868109 70.90032272118438
26.982874022899928 59.931921447674455
7.14302753718542 80.0545288247834
58.56048451662853 20.337224045840085
3.675013044736797 68.45394595571088
45.45191935382454 93.02336572717348
83.50205944469892 99.55389591270644
26.683873100906595 14.359645281296018
82.2328838450111 71.51232738245508
85.90165666579273 28.31942994966394
2.3062434441327606 17.20096987335239
39.832175741543416 99.68874202554875
17.199468673986964 28.354365858006425
6.18981668587203 17.660592495950745
86.1413932798011 63.030536834907956
2.761596835828173 78.43469415290612
87.85151054752185 38.66890795446369
26.070787012499785 55.23129283030029
55.46629850022218 39.663208686397645
30.26155811472918 95.68349860292356
82.71257353293502 11.990932137565691
6.0771784640540005 50.08408154312893
11.789043135017497 97.95712832963218
27.471532066988814 27.485376398644856
77.0113682706867 89.15128873136169
15.608114601149502 12.5019373434079
4.310795809434498 27.487493007401163
58.214776728197315 11.536315742318914
27.80602073394345 29.259376791915336
95.46208592696152 34.448881326451044
93.58001406495212 4.609700846958642
4.6264352666632425 91.12088009762358
51.81432879550315 33.56640992327664
89.3150588956116 6.91072701072446
95.30860873905462 68.00091053869583
43.51639449405651 99.72169327819074
36.214364113324926 65.48843033065114
96.10004625298862 27.78752402681538
59.068796017376776 29.00310970366857
24.21906802478243 43.04770410446089
13.32174621797354 94.75402364629191
37.19253822556794 88.04613051125824
1.7615955514916237 19.986648362283756
49.064279651721854 48.03277459162979
88.26761689531855 1.846225316513883
71.23784006489302 17.706571729130783
36.31261514062467 70.89024586455001
47.545935196399256 29.46643567205043
40.84012353318596 80.72553139868678
41.52219734147735 58.80643008474601
76.33002029129155 77.56027107860282
76.16015654611607 28.285581903350366
65.9668959184752 18.985625256064974
33.02902893229094 94.09499857827419
35.586431171843316 3.22821823340127
32.54008884367534 25.525288193156182
92.38812194842906 72.17051468776005
75.24486259929546 70.56005825558034
58.44522447635752 51.6378366724629
18.96360188080337 44.151263256689134
34.70725489402879 88.29758652519101
46.96400958697797 63.84276405807711
36.386573098647766 36.67998709780241
99.89545974401362 88.56630707254747
13.310547733591404 38.87960985330323
72.09878667669793 87.87134564530837
78.49174094571991 58.52690220372314
10.23074591031392 57.49406716863632
33.29065840942642 97.3733736682426
56.941030350451896 19.129475007722796
44.74602759687356 71.75682505452211
87.5008230347283 25.16082234925847
4.711532098473126 42.36965556456109
84.61333115847185 0.7451655985912686
92.24607389475423 11.222801303231822
16.192344978699534 33.40857234519379
74.97308924445355 11.466848712236278
