102
70.99562510937047 55.25968133394162
37.742870120417315 68.09416823890263
47.314504175221884 30.51523855400888
68.21666882234499 12.898603309672108
20.10054939032545 5.891329175822557
16.615517613432583 67.2516261006715
57.45348915651613 76.63963567324876
44.502795950488384 99.19468012297287
68.77221696905158 83.23104888770143
32.77182712289911 70.90454130791103
84.86707542658543 24.102164890923238
27.177533889872898 90.03472960990464
59.60812348314754 80.49097236635092
30.264858951688446 85.51284268266758
32.974460558900574 50.66275987092171
7.511036513034708 39.159976276324024
24.818570562391585 74.24891524100734
29.347268727236585 35.89113083658545
98.499679110099 25.391973938737788
47.69495833597374 36.575036497010096
0.35064274497321746 82.19301032282075
29.875871898041694 6.753262815782524
58.37704069835274 89.9562875905718
74.79102903366957 4.777502749645657
28.439829929007686 0.1923019941038051
60.445916662151255 73.77565599240573
57.92376472509636 22.221952565710758
62.23803000771555 61.12103044132302
53.65389168745101 37.98932679006156
46.999354603285305 69.7616391235108
75.73520694081195 46.98458842662323
88.64897676842135 71.00563655931028
19.094381355342815 91.8472564431387
71.5084850588946 8.647557663641258
75.93205091741022 95.59363736318774
39.74571669352673 55.54988598829147
86.64690051627643 31.50279184342476
98.85177171336633 31.14462898357133
0.8452717441207902 47.88131034271588
21.456792115467838 16.011731729437027
80.03081127708276 57.266519119385165
85.08908045044136 46.500524382331456
45.527721248586595 24.096908779939152
15.927614022717329 75.61143693105107
53.84311995395532 12.726232757404365
92.83582287188953 32.32431150305823
17.114727201517066 13.741063131490872
61.38810344434459 77.72617804827074
85.3314740086986 63.83342763818325
5.9235434459982255 17.243550241958015
49.55193643776645 82.40954091114769
6.031067898684306 50.465420610560884
61.15370688880909 29.459251822597622
27.457179026794197 51.902929662337435
28.119732972215917 26.614952286387716
6.673427885833871 62.85106273364662
31.974124942404536 30.61525472592842
51.707831524202 46.86563057506474
29.852245396885014 48.153552380521404
47.217335333905886 83.69440988154761
57.13070376866133 38.57689080342686
40.472352087067605 56.43008020939339
51.74772324454 58.93762806969891
89.921430728533 20.51622222147231
0.4501381312658981 25.17492001335254
24.321543513377364 78.48518975131324
46.56323626006237 87.09716503490932
78.60775155973211 96.46038060754346
35.308493004840926 66.53057459404906
59.18479886933427 79.80297128316145
82.61185186803249 11.851193061732001
12.43231461316543 80.28746207027501
65.38678203368853 31.21450762477991
31.49792867628153 15.937556874378556
20.799680312053482 26.896693531769213
20.01862702201167 40.308332056528386
64.66660821780621 18.39650049199961
69.01106313413156 71.83441145415482
82.04630819451742 46.477623946296845
62.29367241608605 73.18333911204591
47.88271822952845 95.39173483022661
77.48045556585232 60.289131999711756
33.41467826346698 52.45082479184697
5.250373418553444 25.767608678956343
33.67280868176545 45.457412281139355
85.06742376569946 98.9206282875858
95.91324271348583 17.174233901961788
23.87674390529989 76.90116597848609
73.25597352531327 65.82170181388712
2.0804345088615284 20.61820728053859
44.04935306257228 49.747130406138055
82.18112470427673 3.3189025150008766
31.34939180295815 11.363509713918496
98.98033565465731 96.24550993429517
76.80024518881345 86.3948159268533
12.988861124422469 14.806619129760957
9.674264166341151 36.00446997317669
13.855769659372486 6.379099388721943
90.05624712343358 2.682059994857322
52.48273431767421 13.3304568893738
85.85857510421282 29.78438883091502
92.58660734878855 96.47336427015745
