141
74.46485426931402 71.2625534354298
70.01124938862911 34.5833061616388
89.19456407104168 62.586412246824686
97.59102327068693 89.37198340691485
38.173508691957345 12.537264219931455
31.637557764490886 93.70958730938425
78.45973030575442 60.50658323452659
99.5564178864837 8.559214837521479
10.618535747266955 79.46573036246635
47.16178687707955 67.01351332870208
82.78406313666045 64.27153746124404
44.511421137948446 72.05891879739448
39.94725620608788 49.524720888877546
15.485112114293786 46.41677457049116
25.362726256974156 94.56890474406919
38.7596519416424 17.815333157909595
94.49114771171222 39.03075605726512
93.08578899701673 85.82354789713192
68.36680968245088 31.664308253277763
12.73910285270501 67.17780868039614
40.84303039446158 67.778357084157
7.918209087910666 44.995975243330236
83.31487978187432 75.86386702448131
16.892135109367057 35.178482298079295
7.508019508900466 35.74377354621606
19.811999371724852 59.42599911323201
64.30071185680445 44.068134924310186
3.815877965723813 16.126844223105195
91.72435071861442 96.57911279663274
50.68357375131208 87.3473509923827
60.92877017543009 69.43798057816592
23.222291319207912 47.376466569068064
45.048417216434004 78.23432445430024
29.19729186683456 8.904772800019279
33.33684970499977 4.767330806442748
90.65104512574112 30.079209092046156
77.97617630080678 26.05909129644044
55.68110467857602 76.26531888040027
39.882920853647555 0.7970777027096587
55.611864356543705 38.37898200498506
31.10000150797293 4.123834074461207
40.720868773142115 6.558490147775531
16.401722147573107 38.97501215010921
12.132303290599022 16.227910974707193
31.11007704923616 19.367710331664423
24.596840048841173 45.052398640663824
94.56399730101847 70.09801474170276
9.47314380786296 81.93451781629328
47.1170504433261 55.515279552367325
37.297711720334114 73.00586202745347
38.266684553911446 69.49995781844655
46.018278411722655 85.17543741408141
57.05851892400202 73.56198552387437
98.90966466738904 2.9360489417582403
14.755133496962102 24.72119376430101
77.25314745324503 35.050304764883336
58.236906254989016 5.5144606671244105
6.932588726974698 50.427557937402625
70.53117803456283 95.25787662307992
60.50730701989995 70.15221213177102
48.52632889399747 17.14335267757311
96.91768716761983 80.27507423584996
66.55742564932441 21.682300166191503
6.969475290562044 11.023035576989592
80.25713222309479 69.10461707049572
25.531876572478062 33.673239205528006
62.670873902341505 96.04160251483653
2.781916124431094 91.84565093604643
68.77585860407252 23.499141388268598
24.91818934254766 21.366624936238388
48.71583068322003 12.45189809706726
87.16684263268293 97.76225692938124
11.265876819461973 29.476055340557792
19.28168305693886 25.097810313867676
41.57528187333301 19.3410445934601
60.32303454716023 48.8562568911192
40.82826020239243 39.79618520320588
20.543625229949757 42.667631997729316
20.273181843988564 5.867903018551058
19.063009179348178 26.15144477579815
33.38480196763347 90.32880416306604
32.71065209905478 42.047511110164116
12.354509668641732 91.9555186365465
95.72354480818824 99.0378484811887
93.59495088671174 66.27335904695045
28.19261529319881 23.388818825236445
77.77253388906539 73.1026439915942
23.68469629134212 46.61026097420954
29.66915025719654 45.825537273722226
10.130828993336905 5.007019724592421
69.28522969276986 39.28290044991146
28.921298175894307 95.20246116973985
17.032466950799897 71.32773621222533
87.91002716883797 61.5765997904863
80.50044072754366 63.750718192671265
54.45349447240534 54.07511364806313
86.3276500646994 89.74247924560295
35.5596834757521 22.680230177011616
15.615451336398788 71.26807271739153
97.18833558968004 38.29910523440944
19.164778184280497 9.124534605103118
83.09609720783891 88.08044698996257
42.6948656374219 79.86174970474315
54.6813467444253 18.528750402758256
80.87691186874011 92.82196789431391
64.36944725333007 36.50925340346796
94.88853519024984 76.39385601794474
54.49341554471879 50.388300862601675
11.698410336398402 98.08368204351636
49.38916638829507 9.887047776773116
98.90525272661155 3.6391127404526102
29.63096160135302 7.7717083121665365
27.84426229559591 65.93147870181787
73.53109295233833 25.565513392989235
56.11560475580239 68.90344884001959
70.59009505952226 65.20521905367492
28.54665183726072 8.579300935454526
17.94578588211794 51.90624440841969
1.40910329299474 21.947892023737747
1.500241231906163 31.86283252728788
60.19173417726914 39.53267052766747
35.96881467551197 14.701155040432779
6.3395068115746795 73.00542649048596
17.853180852049388 39.12171647268256
82.84323087712518 49.15320686308118
24.87922920818617 59.94616094349029
42.40969547017988 94.98533627875159
90.61573144611982 61.896912125864766
36.38882603388745 59.838547502664696
5.837549148200316 78.55367710413827
88.4255414756431 43.49757161518987
17.250440746443918 75.2407481733332
21.605910631524594 42.30623028361985
85.25329426760034 39.15566723024656
92.11624229845775 19.53865436582125
32.052254564158325 42.476639881428156
25.337568120432806 67.50814809513197
48.03954980495846 69.35594838085144
95.77357520906267 90.89848731992402
71.14683920326597 7.648379521310334
25.164092649599844 16.773413053322628
