193
88.3374565117224 38.56607999950897
38.73721072083299 59.943060606553885
90.21660352556799 71.80876113657557
79.46260559323578 89.11813706159651
72.56627011105016 16.953950013934403
30.01200017240071 42.90412861666605
64.36476631893181 99.72490907141655
13.95427226015814 99.93584512062044
93.54347601762282 73.0474635761447
61.24713726552136 82.7585849640438
15.800087766300507 65.20131792705833
69.91491155474527 11.42798332436512
31.561878835191347 13.803184233320076
60.20559479767261 40.906940254501556
43.24797714309035 31.320206618242842
76.96753871212437 33.5210010879168
66.54664018453806 35.25636006925092
75.21450704484313 49.743034839194536
81.27165904240533 52.29783900817733
16.455446004086138 10.228537812768124
41.48881343857788 58.543094533144846
54.149531634207904 85.53441515260195
62.994474466304396 68.02711425426614
44.0726727188011 30.64494313286773
27.7790981216295 64.00578340102105
86.85787939841761 28.31438708098325
4.044253759420169 51.98955231055539
16.334443409964273 47.551516162201565
79.87451313759728 50.59330359406859
46.31731454222666 45.04716505731844
5.56802360447951 99.54776639564615
98.64246725729534 88.58435497723981
56.98201548739874 34.79858664861536
64.48126794977978 51.22787530042977
74.3204561016433 85.16782025943837
63.99795422921396 50.70350770027942
14.300019644863749 61.037117549309215
8.787855303356462 99.29109120781852
37.096632730221216 31.52975841857807
46.36001908615014 14.24815238852788
46.549564899688065 92.4329502472226
97.61773529644657 86.02948945458914
46.429584219066776 36.4429407765019
18.83669897221577 76.98139648264913
39.66849800463238 0.25135994113612004
17.427172699810423 18.1580167003073
34.50691144087021 45.1060839382584
49.92678259643743 14.380572586923158
52.501656120848615 96.04710179000901
96.24304292634953 26.387170270162574
48.252633510803925 5.7270715135171795
30.320435261139156 34.45345690214033
99.4766243738707 42.84901122059648
17.06204087114741 36.975178548931396
93.86673513698354 14.677222447207017
51.92906649446585 90.63217605490104
35.839301334568965 41.93830987284088
76.98667651705685 22.806134308111414
79.85357459224595 78.23637250114649
93.32530428549705 71.15500887885719
9.963342989717761 49.43782734719604
80.367906844157 5.921080678997792
77.0442492092138 50.53200828928078
57.15201733050992 77.42560844288975
91.9810531360198 63.25609481017911
67.75961212280372 13.090636549791402
53.16877701203319 26.33686973785041
75.40069651283575 65.53890835070825
60.98911881622797 47.35439607896394
5.537498627327208 9.758014233937729
56.82823757082176 50.94769449670584
30.07425475579437 5.557363665829074
91.15650109520071 89.68285790480837
99.84178195494479 14.955265974971677
88.50775654729904 61.206153796397636
50.13959793486033 67.32302877665322
40.119254622479 78.96287753771959
25.10249679760075 37.38621140017272
88.41254847368644 46.063633563962995
13.580488711325579 40.49933417154538
19.866089371517315 65.73013271899943
34.884300873572506 48.76302092510306
86.58833218294947 9.517947724876308
39.36532309235374 90.39141655618788
39.612587125452755 41.689288750380115
79.57130814093163 62.83273287227753
52.87616893283599 26.684616132188122
16.778769914195912 64.6212863581642
57.23945975560921 86.27122480698746
52.85622185396042 92.90115666646216
95.85589294531229 57.36297592996451
59.23873014916888 62.05365951226581
46.51863646367379 97.91634238707687
48.46808161775568 84.66171367474954
21.399402451520476 12.821003669809894
41.749379695586974 41.10398382501216
89.9785532958607 46.4319490178124
96.0652650497574 18.651270478815263
12.750531396039577 96.64307453122801
81.4120264758171 95.9402114625388
42.943056447466574 77.84031178980652
99.21958220803718 74.38531827267613
71.69072503022463 4.7001709421099385
58.40324350698166 55.36746102282293
80.50170402027568 2.826241279581132
7.587664035969022 68.81608451333825
53.331109065615514 18.389168277419408
98.78819591793985 1.8180259998834547
53.97912681628285 44.03190532724038
92.21452526101794 21.18838857253834
90.43290252414725 0.2464276394581577
61.09794003127404 20.849962913624708
12.062045080034324 9.653195431813344
48.13387430351289 63.46733003801553
19.95142997660968 43.04408996632647
90.66659745852803 34.382457948236464
56.31959398138886 21.14360598399867
24.705050105050674 92.67425067983925
25.789574868240894 80.70351262033148
22.169410478120323 4.578984377669437
49.89477469101077 45.83152713805937
92.01870629784884 62.249089758819565
22.121140848352137 29.949715634217654
56.85738361619747 6.7827018672035555
56.563108839445064 28.131702900535494
31.902667344292368 84.81818977884944
97.90196363700973 68.80839789370178
35.811239127643 20.439967179621764
80.51197094126759 50.34744922762161
12.081874711792096 16.951683020403387
67.25521058223862 16.809865655904332
39.623975325788564 11.46712092400447
58.54103141241372 50.8318625524778
31.313131936029514 99.93771267372021
93.68411630919796 46.29754384226567
3.017658564464154 84.69443767299491
79.05809222662502 81.5669141434846
7.507392717548999 62.401632369298596
3.707231107200859 74.61460823484852
79.53772327672047 50.874611199668585
37.4316362639862 2.4072751984505425
72.8985791049263 4.183355735015681
22.599100065009956 82.20923825915366
56.97627877090574 92.65987895902302
47.848071001167845 81.72685649944108
80.82726270462793 21.358782638303573
56.92294181976657 13.46537376226189
43.04015894705439 38.71849693605789
76.36813642135665 61.40545416237329
37.111157645037274 43.58731237111036
97.52333143212728 24.761346471881886
29.895209973314472 77.88859987019259
31.981401747421312 69.12158495845316
53.87473563278369 13.9639813522217
54.38875593094728 68.63981879579842
91.39579089598976 70.32772810523677
48.04666039686657 81.6525473283617
67.53691961277379 99.19268580305241
48.75694673510094 59.77532942299937
5.865663678153366 36.46414605550725
91.50507891961347 46.276693909274705
7.352295664115383 8.40004516040339
1.0158252378977162 94.74969975528391
41.76217877909375 88.37069085439403
66.90858153345555 49.86317414910485
62.91274522151177 21.81842496560228
17.91117440464809 57.991645942817826
34.195391999015676 19.239380817928353
57.94513269195036 42.99419600845103
47.15906937312532 27.56443766286467
40.83149833254298 53.66942652197583
83.57865459751025 5.59016055119359
82.82985968120683 29.40697852832169
42.81518818708952 36.33549393805355
90.80549359988764 92.74635596042287
88.88683078629339 79.48747843284389
45.5717033086063 63.983607861007016
2.872388479004717 42.670020428123934
17.42316631438614 60.09863662209831
13.934920643486127 29.382551614067754
50.58375893505275 39.61031986113763
2.119694815562956 97.71239223161083
66.57436826003166 49.686232739206616
37.25548518785775 21.633991642249796
48.49640700866088 78.81240435345708
56.04064907518681 32.006404491910764
51.994414091297216 18.67756484151074
96.85417838349028 31.30869105606705
71.88093643617096 74.31431528734063
64.41973704703634 32.92673288314221
89.07995944933448 8.365945955180731
44.90242993165665 91.89194485170823
79.96468682434775 47.75498902496338
