126
28.316157221612315 17.638818750845896
17.753427124587105 23.75275232324786
35.08986907530161 13.453039721111448
22.80078494422423 27.084512339091717
57.82970540571595 77.38523325974187
4.469950724328831 27.075749512376134
67.8387163203646 24.720446260949537
20.367144016178486 49.49490505951011
15.8967864592788 34.196533991239285
44.286629696582224 51.83397247952796
31.327756745575176 83.34575063749708
5.725999678181449 89.47809653856515
70.97599560035071 70.75837596312826
71.18261215884718 24.322250831440705
80.34987295846359 75.88558447587576
66.56033040324326 33.35510635533979
92.96411817356797 50.60429871385364
70.33824820956738 57.78801692080133
60.974316567366046 61.62113695699556
38.42979717519992 55.489470717702396
3.987562188628191 39.77584464193564
62.271040886537996 67.61191192033777
66.45064054339785 25.64812865292174
48.901436423446256 69.87994782073054
94.79701691148793 31.67135098173458
22.591909368622254 29.075680845816542
92.56639897473133 5.000739165344836
34.00052318857344 15.420656607013095
84.04674355135808 92.44693724567283
17.48642371652278 95.40334783544606
19.940628617040247 92.63585657807303
94.59883223499014 21.45951374341991
81.28448685034869 15.804740659046157
55.55362303783641 21.82837277800871
10.573787051657224 62.436794121951486
98.97509160369621 50.95657545784454
74.10590702512295 26.466561814939915
83.2639051567389 30.279045226996026
85.81741707808374 3.92909604602939
22.434132918145334 76.53115951273071
69.54368190774812 62.12361326818827
27.526386621701636 23.315346336429275
28.782210623947314 75.84779026292554
28.436869561807367 33.372179656039094
63.574587067555974 19.747819325439377
11.130551380285247 83.34167274788349
77.24725049151986 37.0345606086534
25.149090490653258 37.002677394567684
14.530154407515617 10.02989441606319
66.65919598906736 36.23816261275894
86.54848236285996 48.1292212621195
98.49019057043299 84.31902589546401
93.74752342787333 23.023231135361975
72.72060728937657 43.87945146372948
62.21157839200199 11.79788792568408
91.68932503029585 31.26870316901753
82.47778856342421 66.69157819607354
30.025183306861237 9.844891449353188
82.07016505767058 66.93504810862166
35.9651808022739 7.374935850195586
40.71878478914341 69.36752385884307
43.642590308610195 94.98059240470567
47.83962428181964 8.613752312119283
73.29230401437046 87.34379415375443
48.14648525263191 57.608351120945485
68.96169620397524 58.8788745949655
80.42483399903759 44.00434007175461
14.394224134361721 37.32281837274047
91.84553083356674 0.6175696973797273
8.329787728789462 2.147146791420218
18.34543281654354 40.14914575003603
23.583960697981198 57.90818019508255
46.58810126522579 58.75831483060715
18.876395501842214 8.06853764097708
80.83633328269168 36.00239376445472
78.2067524450992 35.905376736037034
96.96580886323338 85.0903360426652
56.13077365498118 21.60442949668481
22.967186657597438 63.238836700417124
20.559203908003965 37.101486605156985
19.39942253670923 55.02956721083012
82.24647730941183 91.07981224742872
6.849492531783985 46.675192629865734
58.20252480375354 59.671534717260414
17.851157472264724 30.235583698834844
94.27124002839848 50.59393246599543
24.399382588426267 21.14039873298377
29.312679283457534 44.386630860554114
27.875831260319973 96.07330779794717
24.635084167408106 91.58511991254815
6.373283115778284 92.13466680308758
3.3602748683526973 45.4154143109963
64.12525922179074 91.64822758950257
78.24933907098246 59.96481407545872
14.925234350628847 83.18402528451665
54.46564350876106 24.805394587473362
28.551245930254034 34.76091325487574
19.394478339954226 89.59641319032811
72.84915622765249 6.548689194641089
74.02607771019677 24.062476925666733
33.05674444658428 3.1412212883141
28.410632921830846 74.00788228224421
17.26210611149658 49.74108850630765
30.87835136933833 80.76931540102514
2.882207199735065 5.035298464075321
66.63999991794469 28.154183496688688
21.13644992282351 21.046631511517855
49.65623425350124 5.945333765459882
74.99439825571557 71.11060216778175
18.661394015196475 35.06247737182049
36.7108052468608 29.579396647779987
30.121031999944513 69.17172292337224
41.7744760639151 94.14581207965827
26.09623569553975 86.84721790950066
75.63480533847897 48.91074153060201
59.731988296759184 40.473650244755014
55.05965282528125 25.593763126372316
29.83502849881977 6.872352757701905
92.18868956115503 17.917126320305442
48.69708792445076 36.117306816856384
89.22143670560509 14.51234568862082
69.9965424059003 18.594416387673252
49.41025016146128 88.5441920099475
56.05847034030871 88.85400470849017
48.32673626984681 79.25205745955553
62.11849136400151 80.41592510695959
