114
79.89746348604734 10.596983602253685
49.914472560764146 11.273610379266252
24.17118572247643 80.70263601965078
41.86468009829791 12.383540154463102
25.490702396585853 29.723754727112663
43.06755894957024 13.665164822144217
0.22711649931765887 91.84152465750493
59.740596248720166 21.128326727786096
1.4133824749047674 69.20697845876327
84.23374439364937 89.79561329233013
21.56161199146782 72.66792512044748
86.41090983950093 56.18893850873737
32.15231117663907 50.67590467013707
78.76669195495606 24.572214996607933
92.26465899963428 28.7131505201378
25.290447177387342 51.778514148624325
33.73913808018464 79.69776310583457
65.87264702781466 34.85532734795564
30.208868411989155 97.95876047813202
99.18755626966033 24.87720188097552
48.70232489313522 92.64136407901204
47.381766443293735 7.694031769324495
99.43220804207964 51.22488259789356
57.29717853861366 93.03774555691639
10.846061630585634 10.565304403722031
32.62393086331661 98.1855896800952
15.957890415337516 37.55014403909224
82.34290247525229 2.502274296096496
79.9252563305318 6.093670987593558
72.98766879204113 52.344894519401976
25.152672438397204 46.389067635259515
86.17677681838786 77.22678628121221
14.775756665743467 76.39686741061205
24.602606024341412 57.96504811731042
42.63915905451457 70.43813071435936
58.61981986677319 54.68860282035636
64.60905217980354 31.192624756879283
92.47356155464409 64.84274527516037
86.13106379967684 64.16182341654792
75.42678974840574 93.14737492896894
77.02917256157856 56.172727219457165
90.68164290471191 89.64341536309972
67.05784694548844 81.30020433880607
7.6303869664481 21.114757848195996
49.23385807137939 26.195446767466933
72.88368237303231 88.39754337977092
74.7779822865886 12.66888055772537
63.629206977206366 20.51085635627661
29.994867265045954 30.764727527493108
60.3612774740599 3.1572724356265347
85.9719123050212 24.153034652269945
24.982794471579663 16.641964858738355
15.468550778507817 10.61330779080083
10.058099128617703 24.372270424467267
20.77386332877834 69.3889064706337
72.46073450406737 62.4047191405792
13.699708949991374 3.2826136460333166
68.33485575892504 85.62216445138745
87.35594511602059 47.97927841009595
49.27635849486467 17.402128694713525
65.67363689038996 23.931233484205926
74.01347856660135 77.072876922466
70.04264033410941 46.80124512291778
52.26018778166425 2.9125605474979555
63.368412570233104 64.57330248565448
78.75744600840697 36.33459055157601
23.174267635587498 19.14637388063226
96.7022032211157 35.06769764217458
71.28597185245997 67.94356496660866
1.9707986819305523 17.755471554563563
99.99503748427435 96.75861506376316
47.96301715067155 11.641419506803363
76.1795426664001 59.73168188597929
49.054725512662515 67.57583982393308
98.21445719560786 90.12315298466757
20.505135705683443 14.226808561795789
45.458293490241196 23.01631306172324
54.06978752154827 79.54242807600993
5.640536369382321 39.53692522916885
83.10742536540509 39.92662255114092
42.57084874795177 51.73147620661129
47.3373494599025 11.8479581725497
91.78267529617258 49.02777224119649
98.8656439883311 85.92673800638873
17.342522288231688 76.21525062158204
95.57300143205251 96.4995383225493
11.987133229567382 35.257325345096156
46.900579192335066 10.334836381229163
64.33160148337585 42.20092882648733
92.30988918311634 69.23836611573257
72.1689355291855 73.80594244227709
74.36340476468837 37.46792166426495
87.98918304494356 68.69413496951937
15.596922464740693 90.58545184729648
62.06860503097836 37.63935934569218
76.40689510635336 60.41971353074948
80.89208467360436 40.658389882007185
90.28359204692148 1.3247808572167452
78.82109979458387 16.999332100109044
4.05413108567263 71.95438404323643
86.84271338762053 55.748363061737905
67.9162225391942 35.906564597806266
90.0740940062996 52.96177613594669
76.1723823424617 18.941059011272955
1.257105754196275 92.98718598284286
65.55766567411557 3.9856122378349457
86.51604125583141 49.449378042576534
68.28487449767086 39.63379767264614
34.7826657642258 6.992144846333115
91.50076901989915 71.40569576069535
36.469922345026184 49.67918926150192
46.02830358602308 3.116169218232756
8.856741348094744 17.22295245308135
30.59511801435487 19.67044388927729
