128
72.90360665298411 81.74562797502799
5.4363731803413025 39.56561808812166
64.64191102815137 32.27741255827185
90.60537017513936 46.86130143942786
7.672833002209389 27.577647367674384
20.42573145203741 46.76126280151173
75.33033910857142 96.32907722336445
93.46796253812943 99.48482911618454
61.116879723273186 92.0417752705947
95.7761961203116 10.97879041980937
26.68433158941116 8.0412969897516
61.35225013135788 18.572732297778938
2.6625815254563756 47.647446485065025
98.53290405864186 64.75379901343388
96.53168912225264 15.699283372337414
24.475972185886707 99.66248687171266
86.98988122437933 67.65595664598962
20.99239479676749 32.9992763377052
0.13979242624931887 38.75302584674707
75.90613652329094 91.19906873217961
91.2742608801934 79.71493829032468
81.54020598118198 4.7493198594229735
85.70636650644055 29.449315033921998
16.66367670011627 71.4382162794848
26.181000388498077 23.174857307539966
94.6410605794773 46.02949914008468
83.70457987795827 45.00134631580054
43.70127794761274 13.478886792539713
66.33199061826048 84.748275610057
44.25445106632253 28.656634993119525
17.92095065715369 65.96465042899466
50.377718790834514 83.03855800726241
89.27074636888219 79.65892040263812
81.69984128005522 91.88221479953404
87.87968209849214 71.55213145471502
90.74333239727791 42.47880137242102
76.5575323022275 21.75624059112137
31.71087969491503 49.79504456181476
86.90635266870981 18.14645380594524
83.16673252922784 98.39675527703717
19.72456020033905 80.03226036026068
55.90601503430205 66.34118205233331
33.563885965396864 19.616683190325457
51.642519683264155 54.15054861329077
85.53488224204028 77.24940218788578
57.089782766784566 5.372109641297129
22.39253614286727 60.07170537465475
43.51444766410785 41.162113909229994
92.70701194677478 2.6627988406080716
57.56228652964989 63.23231207562936
59.96519432682601 74.56644908299637
12.198124959143241 31.740800358659182
95.62425149804038 11.955099094665622
47.14755789360583 33.79236669341662
41.33312944763934 93.58704665307394
49.73923484565952 29.782215894038977
91.41314239037872 27.93682357025158
10.617637883730257 62.525441534277185
21.58403012576915 8.85971750959037
16.055308617065645 75.70319329764258
91.46209245366853 88.20485341150955
81.34471828369941 98.87944089851487
83.08551989664143 79.68534859890846
68.94554663700974 49.922114855774225
43.059693053636295 71.18094761112327
32.8213847492468 41.611070925295955
79.50850179100787 41.78365654511571
31.46883789454884 16.734862526992302
58.253509921334846 90.8518347239706
96.49805480842345 40.83690641698766
12.933452903606712 29.87935152402318
39.362235220099926 17.05125439879889
61.74578932245709 76.82889162989811
62.1000164399515 31.01140032476335
51.82950142118435 26.100087217731005
49.928342972852924 27.07548957181881
39.231905177247725 26.664594913912907
96.14612875182468 4.897672446962497
94.50355602027571 17.12833412482113
49.859735257145466 24.06102714621032
66.566140817429 56.49425279768807
67.17401085868863 67.59495202900655
12.314348599061464 78.95840110001295
57.0804486297488 71.04449764445381
71.09439254746778 92.70115872802084
24.459220215597988 13.276339818022176
30.66148566702648 13.194271951427428
65.97121364080368 62.49430280986532
34.95891054450273 48.83548525600626
93.5256628146249 77.42065982929446
43.90879153041293 30.67632667145117
73.38826264772649 8.116759417123786
96.86137172357789 38.53820311952513
89.3953695013266 33.01650474792145
88.51002564526502 55.73576378184188
72.66174516549003 5.631993067383256
71.87532535985227 23.223880687547716
94.07769842046585 77.7783174688158
43.566547157939816 57.58459847298998
96.34508429498861 56.56916447350431
64.17729629787937 91.19154248077427
67.95053391917747 24.775331239245666
47.658307247568324 78.29155685296406
88.5261269678279 47.810089960638855
40.23988926870874 25.973596866561977
42.44833803334945 15.088864195895479
93.13489260907646 91.76859165325625
7.45561086710016 44.05394303462325
44.51828431633399 1.1234741038945284
99.52595277913844 88.91531656815025
66.17671349296657 12.146776577539697
21.48209597440549 39.40237644520008
58.41897829970407 38.50399067629879
57.077382724885496 66.77389867981711
9.908569183034288 92.25133935141618
76.73782985123046 25.13092818802426
82.83440360167525 74.29059899808598
53.31628516873587 55.25370954890872
24.517586711179938 44.82027794404873
30.1155539835286 22.595041264100757
8.953962299084717 22.40731777002376
89.25503608027539 89.5858431264338
70.10545013608629 92.20274590412373
49.205811044781456 89.33464774991108
54.694222438947 15.606123054524701
1.5326347105527272 35.642879966219354
32.93152130897386 20.309960329365463
65.66881213795523 79.68987742426441
