157
16.266567866752403 33.39615952004619
51.403969624128386 1.329555618195133
98.04178886179781 94.28614723401637
7.0601234176251415 27.991461494108773
49.48393977142754 40.274088028689924
64.87884527502713 65.07146906155396
74.23500503583368 26.660367433879628
35.18964000430794 10.798235561587898
6.452551251433425 8.91223134553918
67.0430712758701 78.83852241516884
57.17720882287536 51.27802943935145
42.64377658020919 95.86474489663242
5.719257417720747 51.87542767198531
14.456256277026391 96.22497745920057
20.532047581549083 46.31523866627557
11.001989569202308 25.554250083868524
1.9167293931776297 24.839250200156236
1.0813475240567971 84.00708607829417
42.75781745298291 74.14984696317481
17.20664086805067 11.45217268673645
29.118114985888223 33.109051217862216
5.002112728125563 54.40429914713454
93.08574472095394 86.31723891559675
76.50509182688448 13.81549017301814
52.87091315031408 67.85721450618652
8.022160710937055 87.75676713823736
42.5169410935825 86.89560493449481
61.92334234362361 60.3589706937954
43.69724479758579 67.30328750702903
16.80751598267808 27.899827668855348
97.68914996990648 79.56318516692242
90.02716262773063 7.913775625793562
27.635257680502455 53.257646245870525
30.032511029560528 65.78509527608283
64.97181879662355 78.64723258403782
74.29422759344446 70.1281774375451
20.14376694919506 59.704371501219896
40.964783185780576 88.85641386417373
62.033212949207574 67.88842109212865
44.5978767430121 71.11308681633942
26.927516064458466 78.84732438241767
29.817809127586393 92.61533297084607
25.18617931463941 24.294422114241065
0.7592141919851025 67.37907110406925
0.5529218951028314 11.928549971036517
54.571482078064825 29.808520846063857
12.186830176054396 55.98408289877463
71.39480370068124 30.361921081877487
59.517296459798686 8.31411340019197
33.87119951191856 89.76238849550892
62.94154777054539 9.757917952171569
49.08689899894099 88.7127329919207
38.34591250833912 2.9486957251023904
59.392595262509815 43.42529610187983
86.98684027868987 31.034714712145227
69.11959126176922 76.96002620560058
22.25359924339387 90.24925026505689
15.235266585863293 91.59053940726922
17.84618046141395 41.95442598178617
55.01758596380591 97.42234865977663
9.957894128523147 59.25774310218027
28.299192500718128 83.59814036126967
5.629860240687689 62.645605800955494
69.94609562232742 37.76175086688305
36.45553137834852 15.468443762326501
56.09969022254736 28.232808791648523
65.38359036439964 27.949673603169522
38.96922571275384 33.21191359566542
75.1143289360317 4.05999069695463
68.65069426262242 18.359896435052192
42.79101218081173 62.42752320494189
71.86060570019012 46.62569136756311
32.60038067839807 42.11055651785956
27.77516618243806 90.79525497117447
72.90119726146442 18.482324350479175
99.25728567902853 92.84502293863636
66.49668509706143 33.502290556638116
46.10060956015997 19.03023652923239
87.72517382829498 98.58752761878195
28.6457535323177 66.27966605064165
68.25996905786302 98.63296075661195
31.43041740246875 21.896415837142403
82.87198123634266 63.75738154893048
67.24142658786793 4.749169541445452
13.579885164230454 39.70512265411682
57.39647838316848 18.308049591159538
74.91516208028153 15.891217836887083
41.20099498563906 11.652703996678081
99.80805436990985 15.90086120509393
29.00597684540355 61.74826794834514
63.29903119058521 25.631610697867004
52.33242212229072 50.09986656388885
48.273059762109504 88.0008225212124
73.75423683769561 69.47240134738503
16.003615705736184 59.23396577216988
82.51822971937266 58.796075120241966
25.822466246398832 56.289612057250025
57.736993045949944 87.29218645384562
65.41588086370761 89.17171152843729
51.029588257112636 22.034204806352353
15.268656139991288 92.8191981087926
57.80476572140177 25.85297808609691
49.92122654190489 18.69526660680062
57.290771442788255 75.67985458674187
44.78182847211686 24.824516039466825
40.50861826789556 79.65916274183441
15.552175992551287 13.828583572637632
38.52539207910706 97.28880811540303
95.7553621254741 62.517389020149174
32.44867356707258 41.122582410600536
22.72660377466247 49.64960443389192
32.80742360975039 60.91435308898022
48.10371529191995 53.134599121389336
64.92657440553887 89.97732994834584
23.736193254618442 76.47251586980462
56.03625461287665 15.955712735857597
40.669132717678224 57.07149885313739
6.708461987509673 34.95414765510788
78.69507674818593 11.357980897211107
11.074861437125616 96.05327477374418
22.288359470457497 27.879070548319586
72.54737210330103 15.803030510706106
91.08656688825857 94.07618996549549
66.42282671009086 56.09301932195553
69.47650328598019 11.106433973484553
38.249162065934215 3.5877198184781856
63.28423840117097 61.474260750155985
81.71811557505477 68.47845433602316
55.70886967501226 25.99441591952819
49.76503673815096 17.979529482358924
99.35860695673999 59.50535659313918
34.71188839243897 55.64967527652085
7.224914276555616 90.30498591873808
32.14896825886184 70.46186132899759
86.1814096056976 17.368930575396824
20.140348563195186 59.258103435308904
21.656496003045156 85.0829094504982
30.51785462623211 72.25212877346247
50.367958894021115 91.935440545008
89.34685523043503 31.713575774622782
59.794212730270324 36.15384564727259
6.483719123484888 50.384710633544024
91.6589222704988 78.01187725340851
62.79667647306414 28.531443571339345
11.333734205098622 12.854197545820378
9.56793263038982 70.2393580810188
71.75837098582782 46.108613932741825
74.40871040330605 71.62420743066045
26.58914275344785 48.04982179547365
67.74305952930655 91.11850800919044
64.27047539063018 64.76614792192973
21.115882873290857 88.89276297701869
35.89321353705605 41.92913386741194
29.244553912611593 8.835300125898705
38.838056034646094 37.85558168027377
44.369516320002425 93.55825884616384
42.579759712762225 74.5098356766021
