192
57.94580583604555 66.08494141065395
9.41594620002525 28.986100980755968
78.56545835529944 30.89211701940676
26.334288461332367 69.35222952364335
38.97497721654373 53.85092728165317
30.97178081758064 49.30279603549666
91.97980265337866 83.96240758942103
47.40189472507576 23.041471718469587
65.42169509630294 31.858797629737666
50.26259063723071 10.905283603525785
46.8553445048443 6.333186356906195
95.28476368246436 27.316168928457706
77.51974706782015 47.659611570119594
90.65808200942239 91.47045467578522
81.29160129853565 88.20102455629612
55.36396325634647 91.35154437138117
75.56790079139685 83.70156956508936
45.45286077745357 45.12771836031069
64.19956924696525 88.6823258200645
44.06764241953833 83.10391963419403
99.93554404107638 12.539703703493931
52.41010579628957 26.303924821043935
8.335856824507227 31.14895324245489
75.04003483110677 30.643068606288328
17.719576879239295 57.09591361831671
53.74474469765237 23.291326445127
24.140187865461005 38.551295240781755
27.677298422102403 94.74224256620457
50.820988390942766 45.8375819618056
62.91970851840459 19.82743689870793
18.254419915662055 6.495322516841462
27.935673517555493 52.15312813740843
56.14633066983218 29.05905814726635
73.75891597124928 31.703924416570985
40.17227493664911 49.30570434613725
21.568991527674463 27.26282807546968
19.773074670743853 17.37965086758213
45.24940343645844 56.98951587691592
22.42277513000257 53.362822297191826
46.572348958510254 68.43597418455005
82.97643023964355 36.48576048876112
90.48283564404659 51.790305262924605
26.76615508886132 18.83668161281804
77.97026298223747 94.1483689189983
86.48977271779624 29.61597704039891
63.704080633078064 25.424959879909725
4.223737643149173 26.54485429820258
26.10056233559409 88.79713207407588
54.41014646891119 58.519494511458994
42.38701100729251 20.35315037901243
46.24797943071388 21.493014934288958
11.514272794380142 9.04288624305094
56.03277640315542 43.05587823722671
31.04381054714964 0.18341122479423877
87.27448989502128 48.54878280053474
88.53432715660115 62.73831571874292
43.6557380715979 71.63393826282082
34.21449760756424 78.99724587938353
28.487931579615267 80.64954636714128
81.09621239007961 76.93770448474366
61.746091847696086 47.696344642578914
12.264321968138992 2.6581629656348027
35.22710695159952 64.73941148425469
14.695813482695975 53.46403207688471
74.03412321677865 95.07413314113485
17.57608307770355 57.038447575534754
76.94264544740402 34.1361668356988
54.3693981602181 46.04439120309306
97.49852056103512 87.7876535029093
15.967194116816364 8.463053259694941
39.215437543266816 21.6410619029652
80.16208066365778 23.287373044645932
98.32966874684716 50.80012759374925
74.22933693915827 87.91634950788907
35.23706264945991 4.222150777064682
42.26506007175732 47.59874785241068
43.74880315129456 78.29519102132032
34.186541227045666 40.31795972813541
0.0795199068716057 43.58797375554624
0.032495893889472605 91.02652450309876
52.67923351030065 60.44629919527061
47.0973713893764 26.74035386589092
73.1988805438919 12.873933000120164
91.62141842580995 37.459932487310624
12.487233627043937 46.01240102338955
74.50044359232761 71.03372741953964
51.128387355112416 48.61477495181613
23.247051946188634 78.01444007748114
38.51966599274884 48.31117365184537
7.597704975773645 20.395027079517934
93.616426335267 53.90394501765786
5.02312682795819 92.39527498839003
40.464002994954114 39.768198477217375
82.72382147283382 97.15183479573598
82.70982456401973 31.529272888133907
40.27632160398533 37.20944001669646
65.99333946725682 96.7482986312757
4.151625307095008 20.924838230163612
10.769344534947567 27.979172390280915
94.7556480279943 20.581700739819063
46.71939211880755 18.10947389585521
16.102896733266224 5.999711904079675
78.6912630947612 20.15816026659444
69.08937586013832 2.145042944449538
15.416192961476883 57.00845259811154
55.83716026034657 34.85932291180287
7.954435609821042 42.871402668051694
63.33040862445439 20.349564211655256
93.21425352315242 14.014601759128265
92.6868530367525 41.99499852635616
67.65389737220457 48.48094214267148
69.593269167453 86.00316901169258
29.420761243853644 2.776511968355133
81.4375254782658 96.7274025170628
45.75841125087924 57.13436836047369
87.58046468279402 21.07417058273552
99.58060901916966 84.38330888380688
47.271845183447745 70.06933720503359
86.62768043294234 96.25622385404685
17.5532667584283 64.0556616241178
72.82653416635881 65.60007492541284
0.3684007532721689 80.34926192121455
18.057740839860138 50.28805435730855
21.51988635029002 28.966735928017428
22.824733521952457 83.58284493969379
9.202510547981124 52.018255735916675
93.82268826742795 5.966727395584648
16.17035551294279 47.03104909856065
82.02933522701717 19.47916183502434
6.621325439976966 7.714285183892267
29.96573772049882 84.12527467257227
33.06213631642853 18.800434012167088
31.481085622019922 75.3677864833967
18.324691319255347 38.05618741996961
24.134116964702013 87.5483451038334
29.23979968087003 84.04733788124406
13.956649386987651 3.203220253067607
49.311746393538556 40.011970994202095
69.42335350766376 37.82300190151312
84.78114080164825 92.61715901554689
21.151081921918568 82.11833442505377
96.65662875385149 8.446818896121112
30.82645091074996 54.262730284480185
47.907589473232036 64.02973093654556
64.47767180855867 50.78008686290495
47.28356349413892 91.41972687290587
95.65202831847877 29.504429690530078
84.90634749644673 74.02743883865097
96.24071123067368 26.884236726871436
72.50597166716592 21.08355141224444
62.62229186072066 29.81856143426711
2.9806857357861483 53.7132016473592
94.90093298318875 3.228606983001381
27.59973803755571 58.21009179616416
14.298428854820955 2.0211370754471436
55.676519136705984 43.362112501682844
87.89904465370849 20.305091785929285
3.489807676932555 63.28490426595387
88.41716418656253 39.26044034576259
13.84747926784783 99.65021033707549
36.386127888465005 2.9817318958452743
65.95727202354772 6.816007481640174
88.70358509610496 50.08903727932985
50.254116587170536 54.82318855875445
60.6079146986267 18.41901835706906
37.65725989353451 33.11059173436979
41.659200633788274 95.0034879721946
73.86037441308237 19.68499291237994
87.96821592533635 80.50612846774574
79.67815021137534 92.82274091167316
22.565585196420678 74.19000096058028
83.35980271453897 66.07616812519936
15.626983982273845 39.83348291082688
12.102163780718522 70.95937706713413
68.48409971702924 31.077425772140653
11.584877467495092 30.32812635677925
53.53071740444306 3.4980455012663336
48.5897861253763 47.82555420033171
78.24195595598358 30.640963576383427
80.23972413869599 84.02582118062564
86.485867308164 3.3892225059822145
64.12938674725356 77.9127656337835
20.220113729407885 5.82437349960796
37.229261422982276 5.186587700135381
2.2601727493787083 30.11032050486212
74.18642086900668 62.967715477383926
45.234724701218894 40.139457380326036
79.39753022867203 53.570852978060266
53.60278187878195 58.290676703295155
5.946332607104088 11.541384467726035
21.5394173531706 20.84525735113434
76.6673074532395 75.76853238976807
