143
41.84747772224213 43.67732021151858
70.27006779556237 23.083458568402936
68.13432259308516 77.50142194324238
98.04526594314487 0.8461494633198452
23.676523971413676 33.44955807880703
52.92210741715 51.45359507364563
66.46878664231872 94.17951230811367
21.12876087381571 78.44856508653383
42.66750594218549 83.17437883230643
77.79633196598301 89.88532130836226
67.58623851617538 74.37775234416516
86.2118265898629 75.06719179000928
85.9120820704801 66.50665670379861
13.319689784130517 16.572655035049632
54.12478397556054 40.270412512133156
83.08464893592897 18.543368319301134
16.616197520302233 21.477157887822273
4.526187522269421 82.94243886746331
25.41077165749015 17.263262694280535
22.227115184698643 41.1540214192712
28.637907654178818 67.4613849317817
59.9973243926882 0.8039997086505934
31.369038799988957 74.45332725136721
97.02600786526837 46.275734928427944
2.182700359699985 22.96685508139825
20.27215953761685 60.788054252230395
27.824967287793413 15.437100606939646
83.17743871433422 41.66063694784072
25.347603755230473 46.40812417864798
51.4120780520221 61.53844190367119
82.6267747736051 50.3666807948269
38.262571715451124 42.43824274360387
59.056625138619786 85.10217458633436
92.35737864471166 21.972595443377998
70.45776209716308 23.333718852428
92.80727401474222 88.86652174672265
28.617643669387725 46.510619436808454
72.72300966943538 38.092682005946735
2.227191273962381 10.712657930686975
86.11069995139118 25.28296102557446
30.46943974702785 29.555458291368154
22.743387524747682 19.348056786425506
95.35510108390538 2.2029667523964958
45.84899656915036 65.31957860274525
81.6069867409276 65.10568453293628
13.173894869289015 77.95306511184917
47.15653261070592 53.078431521190204
58.23692770498107 84.36954705200723
46.56365558718771 81.43545718459758
34.11947953402128 8.07632886337336
59.55449738569582 46.633073130370775
10.564613872894169 96.2896480981051
70.62073554390176 40.59826912935273
32.731662721918134 68.9147920350254
98.96657590812465 61.47866899115763
48.820687440232945 60.89045896207569
26.045848094862713 58.24424943325589
21.20512311585008 33.05170988027595
5.328023742500498 33.09136551458728
47.918318897576185 80.51099238689618
43.79126770484889 68.93448102510395
77.62819904247384 52.838730738571456
15.725098989740538 63.4514152797107
31.40498997734421 53.48500397069876
90.61377904019861 15.186338034123903
60.921762513400225 98.74611936302139
6.698394122097251 55.07017791105536
30.702276366199367 75.85343879343465
53.01245600404062 4.966064585075392
45.273518245766574 75.72968120887285
22.2905850025076 18.144971011490764
15.073102416447892 56.03539966748266
86.69129924704015 28.250862257393862
65.59667392815336 88.2877250502425
60.406833112905844 76.80221036622198
0.6622549205600792 85.4754039782764
26.81119699013693 39.781445248924264
16.404213101781274 60.015390639013454
85.79878008435269 26.881865745057166
61.95969513485937 91.83114760508933
82.74235778794676 10.24355751669267
3.071778485828658 96.84848621005064
47.22585387885374 40.89783028314452
16.09441409918113 44.93301486811514
23.951215685110228 45.10056418272925
65.77566810801552 89.70228525746433
40.31818880052982 31.320443590379544
87.32783992547179 3.24290877119795
10.164198583485916 17.36447275689641
50.880324073132556 8.690329237558448
50.30106824278779 81.63229747416219
69.77320944271625 25.45436635417795
75.62775429615353 54.60196249461918
15.794064399978803 57.21892813779632
92.89007381636918 47.03185963965881
90.48745348768252 34.640509522587784
72.78070089928798 32.44702917746879
36.69228441262506 61.137316634450166
44.35729017708871 0.31610405515314355
17.442279781610438 89.50531995518486
90.01086608940373 36.6060378890695
98.77711825371931 38.35283043089568
35.667840365091905 6.985661390657761
28.19509404870213 58.24228772449158
28.805791580378038 11.666895243435205
5.705704502283582 17.793698954641545
42.159556152808555 7.129440845395207
28.694544427777448 18.043424738185465
67.44771192722693 52.61969449654512
28.1921758960765 28.31675331097233
52.68938845980764 96.87642569383473
67.05166470575111 20.714421016264517
28.226263649277882 15.672873343420157
80.91140517491644 77.27482567806122
75.85891955618523 48.321160797312004
7.742782283098437 96.78055890380512
84.77662483805727 12.750547140119917
69.32781776055602 46.84086576476522
66.98403826195495 77.64003695942569
78.7932617636539 65.8898425045563
16.74689907473521 60.28862121470845
45.586253401914966 69.32162376842332
70.13443092954653 46.82817806284613
33.90449388756177 51.93322564877082
77.22861072215605 4.033728075596121
82.79940626651482 57.34915614285786
34.085149273153235 65.3452936958286
16.486002582169057 49.64869268942606
60.864328341534005 57.248550346823635
62.25358073674758 55.57185764289966
80.39812856367303 48.263767645993305
50.92765363557474 38.638113505886885
28.826051529502394 57.451841098240955
73.11008324858939 72.51246851078267
31.798083157631897 77.71281394163842
59.00082859263137 49.30450185716694
89.74781082368986 64.88855015972732
32.39725023703593 33.157881638465156
93.97369048068558 84.2094434351033
64.8035957280201 8.768322488723356
42.76898338826089 68.29551537595292
99.890339236874 9.984015087690823
19.541894383937 38.95907292409627
