183
82.0061419935044 55.13376331890757
95.4901389936691 61.77034915061294
52.50298435043792 75.88231664917382
56.09449299987654 11.885462030006643
37.82578792375526 4.217475831618378
55.471464970847364 27.407129613447324
64.15910104543784 94.0333307004973
17.824671195656073 12.80069943673442
25.125804702311104 75.4009505057855
2.5807714471374754 14.345702009822325
85.16959698335323 87.42294058806425
30.635532895374805 79.50081423554175
59.91723999820486 77.78835779534214
28.737249093439132 67.06571197182993
14.220588445996041 19.093534939193212
35.305654252415884 49.05923936770462
8.811048896800678 58.917301643214124
76.60992732161083 92.62962969928601
93.02193777829585 9.06437856180229
46.48036510247806 46.80107477402097
55.37345332633167 89.021217974573
35.87240476409052 41.254316796344206
41.890902856871506 36.89793698336674
4.282400534780106 44.968482064691315
45.46709314180737 20.3787932882899
73.37404021905327 73.98774067292312
75.22526258038852 84.10644727488383
52.14791904111682 94.61562647923414
7.1178170916745165 43.74916353960968
94.9722675210814 0.9304465120609451
87.08070070567156 16.389306775750747
6.92807307105846 27.858185385809055
30.658266618914134 24.317845785966718
71.65968712445796 6.635814704131371
89.26314373623896 17.88005286615828
93.49736416790377 39.24425062175039
98.96686700713883 16.085920470454283
62.8552582317109 66.42405522457096
33.71920671761149 55.14658545339195
94.28099185813693 56.739772629744536
93.58474424199049 87.37572433618875
88.78396781594532 64.29663401390215
6.012903251905954 31.10019919861119
47.438372473375566 33.54611348494786
11.632917175558877 69.37816218078835
23.096751111836177 72.79076652761084
12.312955103076263 29.834218942129443
94.50898864983745 17.466409853677376
35.44880287575707 76.19417431702769
67.2749328129068 61.86888076410199
25.404740987364573 38.220821130375036
8.416962278974172 27.2632892698067
94.9688311763716 10.7778834849801
29.246045391591792 33.53622973889434
62.65576856080203 36.550527360215426
26.3340444683572 7.035182136179607
27.4650595554051 49.63059504521268
80.935971833216 34.938465372571834
41.59504879156454 43.667962186793
76.51035064230332 43.64387751813344
13.719764251082633 36.16211868628058
66.57738516671957 83.29252033904079
80.70568231670325 90.02066094563115
92.55518885423861 48.54217507629076
61.48270694597356 40.54064033070579
50.72249512894612 51.33739976661722
8.747773237296041 60.77419952967209
11.351200546754347 38.007319507451385
14.947191636200118 65.79973569931073
67.27372023753566 83.47101682790368
82.03845917445089 34.77691168355862
24.26522632720648 65.17993429578699
0.7980952307112044 34.24283042638581
4.127163375991872 2.8846489094632277
55.69102556145709 17.10906475968803
89.38724022725737 76.72910894805946
55.836282610405064 84.28692557301751
48.3552276854965 64.6056450327507
11.109908144029411 25.763190790588332
32.870398167868274 66.43791401278413
54.160825933990196 28.04152923704113
1.6267875156939504 40.75730579368159
21.943629439598055 99.51266597405464
44.862639369272294 33.743136204114336
66.20590655552515 69.45867898265259
78.99981377344216 16.912777267062207
89.48788074744193 16.76117186556343
50.12455576636692 49.55601260876852
95.15569655542785 21.68729391768093
63.22478396024233 22.321420655039603
70.26876265235038 22.448298723985438
68.46132933279118 34.69959618936651
15.401271777954273 58.53974938067758
6.883577937124629 19.84306881948684
4.652625410327915 23.76757944821336
17.537924663037995 99.8374725596238
53.22357609309829 37.0772462357739
50.44455736612456 6.320104425972739
20.64435073396089 1.559834911098834
10.95145638925894 2.3189707119681824
79.70823106058018 96.105605057791
37.340018059357995 1.206461605994491
24.380089625807077 68.64603651262942
4.964172841378767 95.34712318764514
82.0909917428436 64.66477348106874
50.06486672910157 57.240737345556894
15.820641860370287 61.13678470077346
99.80146639041642 16.711653186434383
51.39585088960672 92.65874980105816
98.88062953552745 71.80719697042667
71.73157067595315 43.72837664626791
70.3573372671891 28.57412754257097
0.3992404891914436 75.93272016263595
23.65846341007748 65.15628018785873
24.574336136271036 74.17810531078966
27.021638202645104 84.40495590633928
62.43230317523146 61.19255981918508
77.38970689720698 82.02654482199637
24.3835659134932 14.527313906035088
49.806345832134205 91.02237684050193
32.260637023566076 40.55534755493184
36.65808774647892 68.06040290479454
99.18254040823861 13.983552260002352
77.06610160161938 98.74952303156547
79.40978824209003 16.92706673802452
98.12144472755803 33.53440208814338
73.49627922491622 5.664537736924169
73.00063388767612 24.205054666742633
13.464812974346884 83.94877708443309
26.746113824845185 48.552745378974706
94.50526125449086 93.63721225915226
80.77442075238056 38.813005439077486
51.576463816644626 27.35527580961532
75.49633714645887 31.09236938942862
52.715953212293584 50.48215435944245
74.19908350190641 84.82390019421264
55.8416447206462 59.475963871225005
99.65700712993319 69.56498461724907
22.328551188497336 27.316708996559125
19.599066312686897 46.29101024068053
74.18838111190641 53.97427234478977
40.8063468351101 39.914445683922295
0.48638581985922524 13.744233400267214
91.3217235271199 30.919412294881987
10.42821763574695 11.64454241341054
94.80459551885558 22.134377972364017
89.99511115729653 1.1513251645962619
63.20504173448358 60.068537290073884
11.070959508742838 10.256967953657181
10.54433455443704 18.677852002730766
13.689443083198437 55.02229050474855
85.70475443328021 47.07294344719784
31.62767074526126 69.39078329338575
27.28884280813152 99.37324186493794
40.75199973379342 47.80759697323379
9.03453118055827 7.840068688354274
82.8238758579647 69.5364847396858
26.324959800485736 46.67438340870562
71.81295260835124 26.545957099086326
50.86191159144211 68.01510074861488
7.679869765533609 38.1066470725864
13.577482941177543 36.82430402782608
93.33503503351068 95.00412727955754
62.71444970559532 87.85235842876928
0.01993955940793324 61.07576160591668
31.224855370978233 22.590469691799775
70.85382559635954 61.623594854657824
40.506129160913574 39.15500034801411
26.292062261001593 21.09366976684418
21.192587252435068 68.80181003285217
51.698171224769276 36.123852269252176
5.449017207937324 95.49962893266476
65.34065872830327 90.28053453718441
77.47712431912494 34.553159620071725
47.99651778386797 90.69881038229498
49.534142274335736 4.403460808374982
84.15581397977185 1.2410012844257468
34.155563624257965 57.133935465420336
99.51352321470459 42.34491396819916
49.116771543111795 56.82194072114678
41.287505516352766 86.56041590367403
1.183678475704475 9.275857353929872
86.03455896679176 99.99041921535382
