23
84.86735652583305 94.9873970342107
27.52482712469515 70.7787283070732
18.84028326085645 67.65894685271803
74.48650094543208 16.56626307500656
84.2037042707572 84.68576397369098
63.54709544980245 59.01653326754672
90.32088342751969 60.79029077609115
52.037765670667326 42.737663197796884
43.84769407060588 93.80202992279933
94.68104205416562 85.79786997805536
9.439811935932084 42.03289026322966
72.7925798345142 72.24868460255173
11.705108555992416 73.83780286004217
29.744357306362556 16.496641744637508
20.23117969467626 87.25731277046252
35.29853825233179 5.791199798048218
65.33815948950405 37.426940512733154
96.7680685650254 92.29952063885884
83.39644115831096 50.98659101336186
37.82028091831672 70.7790499477466
64.04735002034602 94.21618913935184
69.6265124971637 47.4953506292121
2.807962054536728 88.94669879739604
