26
96.97068699792034 50.21219112627519
72.32528605106957 54.580732284713854
96.33297068376545 58.56342048330209
95.84342375002416 20.33475228248809
13.005954473536042 34.89249789433716
89.04907476085819 67.83873352939848
16.829808503836887 62.34669410209365
67.43721572477702 51.55261682481979
94.87248682501817 82.6836117765874
85.51431005529989 61.333470907570096
30.029244024850964 62.98194842099145
11.715510719998745 45.02088665487395
40.72552598133438 92.3718056977251
30.402893713985037 53.25497263995569
52.1495708670499 46.215310867724156
6.148573056991302 87.60592791099484
27.205953579761342 1.2482359745343508
1.7483157716698727 92.44417358513844
9.678577958681212 40.770345548292376
20.06821801067682 23.23432181069164
84.87305270028524 81.60312035572372
79.36933751658705 84.29100341503872
31.567159192888806 33.72590725876105
49.51760931088344 38.8312308619109
67.96113895692643 48.45898798377674
75.41659400038695 41.18090674263457
