27
16.02614729135854 60.47513050503049
68.60093499384257 83.31738803146072
31.16926584798463 33.822015636658556
12.135810854087747 16.88314913811312
8.607047713256854 76.83196334887027
9.637570415242646 30.386456643975734
99.22681461107989 75.95580921350324
63.95102611176184 1.2205588566813086
94.29303732321846 26.829935670675564
83.15773023154567 87.36286948301533
68.90022552649476 27.13602990434668
89.96326522480848 81.96534513265556
88.25228366509937 0.6689496789557658
8.608104320110343 22.288867342306894
61.8837240193082 68.10454814516451
96.25774727330605 40.65275699939358
5.3760561439039956 84.51412267225176
49.68799048457919 63.12947519812562
49.131553020637895 50.19412515845036
95.48917162246775 80.44652156687164
28.225957791665135 61.60201228435732
88.86620350984214 10.544180952362536
95.92151013903732 52.274147559492626
95.78761402893893 3.8695816259428084
57.33646300516987 61.436595732747115
88.450031379589 19.907224789955393
1.5411292702387724 88.75009161882545
