24
83.63391441436924 83.97196673884305
85.29008843432811 78.21690445868298
79.01480113786758 77.81772262252126
38.72200065186268 54.00073212453882
52.360527122951176 38.27212970608444
72.68676428723231 78.91676056818943
57.46189523082011 82.0935938888562
51.559617059773174 45.88319320761597
39.81521174255052 19.116466570198433
90.38906972466584 40.47608177136897
22.336121519681317 66.17564515598285
96.0036206201461 71.70498866709465
78.68531695434221 15.327326693217369
80.01625490717122 44.56824541157567
48.450250933103476 79.0054019227592
91.81718129199322 69.33687265297763
72.86242284553062 84.60374724927658
13.188255208733501 92.91342190232022
47.117138004465986 67.10396808430286
0.11342773869150724 25.448223124599878
74.14806351968643 22.89195552063067
31.315275105536642 98.46782700723857
84.11505368153298 80.64807586107968
0.188832692063845 27.03279809432171
