36
75.9491757080227 14.60903563800099
45.518075808932856 27.83368814010482
14.206683074073156 43.22734255692381
79.09848004038108 83.46394835181636
41.66711896947862 5.362408830635745
2.431709096643453 62.610950169244504
35.38070293787092 66.0689030561519
57.34385689514839 53.54272584367597
80.36917880545715 48.78615761652354
34.999069817346715 98.62129897166831
71.84869279454834 70.2426625330986
72.31753962776432 95.5206587900031
21.970283477875807 34.02851062475506
67.08339678728989 44.2419369293315
55.664326942485644 47.867290669981344
45.333834730366185 97.60856813217474
36.21823886463616 12.436157968946414
66.94012655085308 65.59168777807368
64.93230206771356 4.31746807444412
85.88496015059081 32.450257813768026
41.69605099192285 49.479364944090264
95.34036184944998 14.781847414693704
46.55055693135076 35.65035995123716
60.365798664821945 58.30625854716725
43.20722209276649 88.46477188177639
76.8378992622225 18.127061057515913
14.419156784210507 61.9409422067698
29.436228303236124 81.08763101161709
42.697360671931996 62.21214790072745
17.72485905115504 24.269108853129605
38.84962799559292 68.26651406385864
5.483985823781623 90.10566293503017
34.79433012408024 1.7622792002315646
65.186737693931 35.43240499539767
77.3536708545704 69.93063705676806
2.9568197610786995 37.58749217614231
