33
24.09523110889754 20.647454450559565
5.305157009476291 20.77007043640917
73.31379698659217 80.77674934925435
77.17136116201524 57.182892583967394
51.54210105492366 71.15237926236337
65.10872667358517 46.424853734809105
91.28960875056605 85.52733452932829
22.437795620378232 87.25999639567154
68.33280656884985 85.78429677455647
54.06276118031775 39.11181256472489
96.27450747910079 37.68973351713254
9.98152505267086 47.72412112553464
79.95756843839834 72.28164372541698
45.58541806814424 34.51507667186683
6.949168351766167 74.19193927007038
19.05019037882909 49.97868804899519
62.79733318245031 56.43565386497878
72.03626465243377 1.791891749113561
92.99709424664397 54.132244285970756
60.594385801952335 45.902832673956
59.66100048501814 70.01709717216997
31.295103809445113 96.60605889026148
92.0048670158334 49.45526974871351
46.06297763468204 97.77503980459664
7.6089114564793725 24.325951483502152
56.7157078001977 32.917992942842965
83.30502320470315 47.04129947575238
65.6541457836352 83.2695871541267
98.85665078277867 73.34639997453426
40.50261133088458 44.05479634600392
20.52553787026469 34.29715881358807
11.737665754400584 89.94697965998537
37.972824108374766 38.54061376840245
