35
86.72270959910544 5.095353992132989
83.5524135661016 5.21027154702427
23.479760093172676 51.36003149030488
95.3024141987423 33.7706510225462
42.90702548157039 53.680615108222526
71.6811293201502 24.893549568650066
69.91041268587996 18.074760909229326
44.87377275041453 92.86448747130329
96.04886533319703 5.223809854531614
52.327311110431005 83.44037857878645
88.9261416218441 27.88717346862398
84.78779397726748 80.43658307530264
22.927608026188786 39.70159662915537
83.7180940410355 3.664549047935728
10.048125307887334 77.7949366940858
51.12426537387105 52.644869150534404
64.60684390979189 71.0629230750777
93.7710324933214 45.287755025054956
76.50542557978004 39.86036606315233
90.49575948645254 34.30950206907987
68.96164353710631 6.9662460380514934
59.169076208287784 11.273437711955536
82.6198749027296 98.53796576734555
46.24280506391775 24.398857856416967
98.5778537005674 55.16537136506544
56.00758818358845 36.92370664797555
11.864717701469708 75.76732996114158
42.24051851613616 46.29846568274121
33.59078712374232 32.80602221310242
87.1657180695844 21.13715213172095
76.76849634520866 37.26483393864061
23.09976217826719 23.283321757273466
56.192634199305516 47.61835605311921
85.30857847914787 96.55358764989181
16.67105000796222 51.9978692755409
