38
24.447277179482274 36.15458538739274
57.971874644844924 39.43562251966244
98.74903580039691 11.626066808583413
21.75095878739175 36.07777035345829
50.15765081373785 42.97116829068772
51.805864013322875 40.55828923034328
94.96424751303901 42.308740947600576
64.37230588072563 59.87984094959522
40.67271545886935 2.193080568884842
87.19518791785251 83.13581937844955
70.18714093433628 45.25096301037461
61.417501331543065 75.28019455165567
98.95312848506661 45.15378171163405
52.51568052237927 13.254071171541593
79.5281887955034 11.250900498083837
73.48317711219843 30.731873801994393
95.4015258704883 30.417157436843787
80.99941892099878 54.92701859963546
17.85472898727114 99.90594499463327
23.756927215046975 86.64315128157864
84.47530726682932 13.914803305980561
66.13517149074005 74.001358496596
45.88184409062772 47.36412937922355
86.89950296088222 78.73880692020293
84.45848940943054 25.578373899247453
34.163859166414646 82.6888128064371
26.336216814956583 26.197952999956865
2.5773815082373197 46.53858959502914
69.61526964637326 59.88530949302763
63.00236282144984 23.78223512186827
4.553901812468542 7.670188984240811
34.84676349829831 24.386364458952492
29.70541621203765 44.097625021653556
10.813892280781822 95.97367387682813
73.81091538251016 53.14966324082727
95.85622256837173 24.22495340878994
3.4951521812001007 75.05785279292336
82.4498004178503 20.596566309661146
