34
97.50932974719345 66.74438328674154
50.89706873535887 55.020360761197686
60.17182102930647 9.324994693345213
59.24947080008344 64.72317237979284
21.388453216727143 23.270615465456245
39.4788174360721 10.249402142811126
92.37329150579743 21.550139963811255
69.3258351019949 96.52488328775978
82.90994935497487 35.22815530874958
32.52767784691891 51.72101746342348
57.12142095349911 53.554708908071845
95.68832567886601 99.02829742470131
23.31218353926644 59.03924587831294
1.0253723738548715 37.78477278894265
53.41074050584943 20.53791619607096
89.8843740110001 14.532267487463614
39.0110897589766 23.392987121565223
1.5497296807987948 65.41622907011916
36.505549641167825 5.035593775072056
76.04438941336376 18.972836791695325
95.09208688052931 40.93894118334905
41.71676836838194 61.87907551527988
16.082884674909913 96.27638804050098
69.02907775779006 0.6905667524286008
7.358269003118211 77.094079053869
66.05886191642517 79.05798974181351
34.96315338959114 93.74118066762863
33.48872684389763 86.82561099503047
25.954713286289433 67.80113680450638
60.15520396867002 4.206787945557188
87.64826319103685 47.07820734610122
83.14173062500258 25.362469084660567
70.08760566679182 77.57472764659263
76.47357643265869 80.8316821968356
