47
71.61744451422294 34.3801043500654
77.9093910782575 94.08909001168777
19.477755652988304 77.89644251154868
94.20471143187379 37.667293484494735
37.08402818242288 98.82505344744018
34.67773641831672 81.39075830640489
18.425507230772574 22.776245477805812
44.39700761914218 14.992631179212712
35.885660538109455 19.465828119834438
65.81765858303115 11.156030641879589
71.04618900158059 11.070617110007742
91.66209782442102 18.966997547842755
24.690683468449816 89.5991469376104
54.201791212187466 83.56463515439344
16.137234450559333 99.37681844665124
97.68661709811597 91.84097856853565
85.19920549408793 59.931573989194575
77.7028129057055 9.937522345470196
64.69999737214214 22.21786820361914
94.0801197382375 49.46252935751956
30.879216363328755 80.51374484372276
37.42172758655967 37.809979223491005
13.354279828273253 0.01461054616291868
54.73008932137926 4.6855126561316744
28.558007895781635 75.98931008685122
84.68011146765878 92.64652756477446
82.43940539152395 95.5525511618622
99.57339835945392 14.64743815848093
57.58219156866361 12.879801439873228
90.40963764674585 1.7565868473414126
61.43338468762535 4.894285768148309
59.033482944099724 59.19387467043337
4.630250855351436 3.097826070153098
28.12154851819657 31.36717879167169
90.12346433330265 44.096925673175505
15.745065338096254 40.85835433217705
38.35739946371941 29.769630258784463
29.565538876361575 52.824405445127496
8.653802247512111 81.80552229978291
12.585222942821051 62.29008912162972
31.656663678380713 94.27197628667365
47.512889323807194 97.53970800022542
88.54654973474389 78.7186850354877
83.60175230073438 95.7386127254742
57.13575775425552 68.42985851184584
62.45433594892994 41.11371940399893
56.37000185895855 65.25477376200304
