49
35.705058242853426 88.92169088269443
9.854756444077161 66.83476019421855
85.10507617782538 53.28784058776675
75.84058765169029 69.2179915971702
31.97145679265193 10.958417157778577
61.65583129532901 91.67945099095492
75.28131209276987 2.4803015985657706
43.89449196132035 91.43587639669626
91.85846761730407 3.274285754063
88.7081721391813 76.19554823204838
71.61895972478118 26.453541856558914
45.08428028111182 98.82642346384984
55.412328459710416 62.55016403805169
72.81765097542196 54.23863090887504
45.51915753677685 98.84596100843656
82.06514686513746 28.883119279309877
88.15235571242638 86.12185221088492
89.25356740996008 35.70314706993669
13.597119912096922 26.595263675682578
6.661170695111407 34.08756006782673
66.13320894969894 45.232445339723306
78.71154863294802 10.727059586757036
37.5225577698603 95.02101320504039
95.99204677020217 29.84953735121857
38.95331878292667 53.49568678412358
1.636510505720723 50.18451415531455
38.2105011149269 93.64634340343635
55.65953486602656 94.33931962984508
11.463576269153176 82.38446616862409
13.184304778471923 65.31965593053437
24.844684476899616 48.317958366200074
11.857560066909922 24.731856205619806
62.5335720326911 81.09849766364692
69.01325995592286 72.67899460964703
94.07543351315739 93.54173326528834
87.9631057235819 99.57086327943276
70.99723806764206 94.68505237306152
14.873477380115352 81.08644624249133
5.4948304355052375 31.654993934610243
94.51114096597561 48.09011471109189
88.66185099263912 65.98487802246834
23.047649065788455 4.3493298351070075
81.45680747413468 57.48001499402833
11.934515354939645 97.76228904098552
32.70360184894792 44.122330224180864
36.04361927343188 82.42213488945038
53.475409868186055 50.89906014800349
33.10048044378048 5.340818955868509
80.35244356933404 40.8711549892242
