46
60.807009084256144 84.8422522070923
55.62844224150021 15.353274886823353
37.496284920343406 58.42032710017241
8.351281371629927 70.06149269727179
50.972503667115944 5.228818148756309
39.113963420159756 91.98830598950629
88.10353202641316 33.08288806862413
41.16189642928701 81.55308565055707
6.654137550421002 22.977120970723163
73.95868503014985 31.972177070006435
60.699385416536614 32.71883786125515
24.699548322501574 91.93977325808089
54.88369035127393 29.481056080301094
99.19406645978415 79.0950570899611
28.22134115433372 85.85644194721249
56.418983411598525 72.61150557451143
96.38273984364228 6.881367916161285
65.31563626555197 12.193729460976964
91.47780185487375 19.379837542918853
1.8572389867159922 72.0152871122865
54.77094847384363 81.51322431280461
46.22294671278723 88.46789214147233
92.12098043626322 11.78293290508201
68.22616486733203 23.672657505281936
87.44919741174238 69.97180262000869
25.221515131588333 53.15898769047818
56.79961139407552 85.23669043738384
67.94569112385187 47.49079831955293
98.3912633453468 57.60849416938113
9.328713859227012 7.231307637034579
75.94296390971537 77.50609942676832
97.65393297233949 62.3460296587932
22.50549130945725 97.67265121642625
97.75789907735272 96.89258650905799
38.65605797178793 42.566331570127126
43.2753977851715 3.418195930361334
28.481780740578845 53.25166461811969
51.577954268775585 63.500992248962106
22.838406963667534 99.39128041653021
9.25187161404848 64.56896118461256
5.354312776053538 59.143688717333795
63.90129693287574 58.5977056223398
8.722139096292947 36.17181295839619
70.30786993580737 54.79180982574178
44.45900353896833 39.19026098678238
31.67581719043048 11.168485786415383
