44
34.6073193663054 71.39660286307216
17.180618463014984 60.28897944604874
70.67557455572869 36.29496428019732
56.38548725161111 25.19908297428716
13.503185025155107 37.673254841093296
71.39630637123258 69.75015324109619
35.650174032084166 13.059464579868042
56.694708861376384 93.4481471052521
40.54307823386338 80.87988140702458
95.39245293680054 72.54680995113553
22.950558962746157 49.45741591841666
44.35358287530147 63.85398555923033
69.2988831722 42.15943184746101
94.84490534446796 74.79060132427738
95.23340770202917 10.488476850276617
77.4296446620198 7.479133895168911
98.04018770442235 84.49728151931872
8.632168363676252 82.74691550726556
58.02157913602623 16.038549407687675
15.89684183445199 2.813788159682562
1.579636479628832 21.404178644077042
32.722260159968094 43.42782396373606
50.62601546609314 84.34931040788216
54.145708919115364 21.533651234592178
57.67561395150275 8.372137958560744
37.8760333804294 22.4833044839986
40.002843836226 28.195316564965765
79.56085821626664 4.5846918462930875
98.1565720927457 57.57150678154576
74.92696309472242 37.51207568088785
52.80671494640144 6.308172036129256
5.159133151349038 56.696956324247985
75.04865085444632 12.957083830697192
52.57147794687674 97.70011384691558
24.145666078168105 8.923338892367017
69.64101901787025 14.171655669863458
5.1200023107533355 73.37548886258047
15.341578327838024 32.602591731751914
83.18571460802498 33.951968569961636
69.38692168490437 95.50147163927437
13.191348835464733 65.2904836344822
26.823624280435187 84.24887395615164
60.40538901454998 94.51614857539086
23.702987020400258 44.38893852246885
