42
32.15996511610545 42.805819363879614
40.497303677159444 83.92082610300238
16.783479853961257 37.7923054891982
46.446478896113696 90.45714195211349
37.81963839496832 41.89608980530224
8.200806066788214 55.02390715776171
90.58248364246542 85.06541903019543
97.42645305417086 93.8868791551569
71.05723711515178 63.90336840552627
16.774205742233327 82.90612918552644
81.53399044265785 24.564514547952854
17.096980787126405 11.763360912387721
55.09518761256641 70.80265311645329
78.820179435743 33.86832484363852
39.62541361596601 25.566629346256864
54.69128924206562 5.256558163324243
28.07975802735122 24.018850935449766
15.276040048674789 5.50572945580946
80.16944209404764 98.76926102536318
23.953515844057595 40.81946399015397
45.56433566590643 36.91863426377991
36.62717403211301 36.11905488601022
7.0171951064527445 24.558444557439675
97.88074190691142 53.109664251166244
69.7035654355335 13.07701177669529
32.681298076550924 35.36306623185117
19.66793972902109 66.16351608497469
34.91735043303857 6.060057333301938
87.72805236635473 56.31527442933532
37.930998141555264 47.92322742318454
9.482939442053539 67.95864385480654
9.679714469373534 46.45206159886888
25.011561323225074 5.966610382551396
30.340886939421765 86.23844051290928
55.58583597694719 93.93906408845238
69.03138979449992 37.75584024315619
18.90227079992077 49.121820278257
18.211580603450315 18.496363177835175
87.32090127192872 24.780431273632143
40.83002103672007 50.29839409161537
28.992445752079654 27.52115688435115
99.5258357005744 80.26349476397733
