52
22.4784766306231 85.87033210088623
99.30839991057894 22.178152132363614
89.79248146361817 90.17982037312929
72.45817927292708 40.30059527678519
29.102044486088197 65.55707030022502
11.332611233997147 70.11260523579593
5.94529672317432 15.708654476734319
9.902463413681806 9.30411089168861
8.854383203521376 92.29522131591537
59.17878703452079 64.12320795621436
41.096804495097274 78.64036450920457
34.99963045149297 84.8832679327829
74.8215802059905 59.748798223505595
36.29484442558785 95.31018163117989
70.26797905359314 79.00411627056084
75.65746972628227 26.67643887983354
57.57160338269377 37.31401448195575
22.724668693656604 10.827729226120598
19.52952870550583 16.49505136377235
50.749332839673244 16.520734205024112
24.713730731829507 88.81402749484715
48.592848301449266 29.565264713018237
41.52928046208256 6.575733594632949
98.33252124209973 88.47416225509889
97.03626604146963 15.153757113921529
36.69320275139292 89.38040518453575
74.14344629402937 22.183037190070053
70.9213371066768 97.53243172515772
79.89467587445917 8.344248618423489
85.5025560051382 36.937762324087245
72.95900863028679 26.714598480912578
11.12721476002817 14.301670873322546
36.89351045308029 26.187003583187764
86.41143013536345 77.94797197951075
71.64022821400067 20.902265656801934
16.000400452553254 13.496164838347536
62.07965569591391 83.21604031072047
22.599351020087322 11.585456418062156
28.41076026929159 64.88955146483119
21.98648102754358 42.01033377535162
19.8001004903972 82.82272391881169
89.57335303836066 27.323403434462456
34.24609778592826 6.779886465249174
0.07688555785498874 31.743857777011662
59.19914270611481 22.946356377426703
69.54650512794403 91.36045950352887
83.01672459709863 41.90626018389546
25.32086200605608 86.8802573524366
48.5829549467087 4.629069276047937
7.8243524754981415 32.345811198864915
18.942226055122234 18.951851847195755
93.84858422106524 92.36937925022828
