57
8.651215113019973 7.148942304140615
20.876620501327025 4.863264615961027
9.03268704086826 45.744597887778895
16.584997219956765 12.906122463344172
14.33633664399393 85.52166186633836
64.016248325078 0.3394318406599428
65.14581851470778 59.31144409116936
48.88176993254773 28.049131715223407
36.54642955155175 69.04428435438868
27.547162813504123 99.05772363202546
75.04235157890747 14.708699705355233
20.044481034602658 48.1556260349232
57.01740165968228 47.7101474608481
82.00991579687383 9.597608250084132
78.11695071846229 37.293339942241744
77.05328739426528 65.00353976010689
3.6937653098235046 91.37943454215522
19.570078158590796 75.04211481607614
9.395370846456341 88.60823758954598
34.13415600324375 70.218451151124
80.98994919732998 52.92613466817478
72.27721517372726 97.30550553677308
59.91120988925842 27.33467924635771
81.2316926237139 40.79190448992214
43.49895986608827 63.520686746897205
46.42796422621147 78.38226935742925
95.03732400424703 87.5354449677182
12.029848878619775 42.8357683060629
90.62994208872777 92.170670464815
92.3411076592658 39.28853037943583
37.173450950003875 0.9823967369046671
19.513256565390535 34.20742156620148
54.97623731214104 29.287506824741794
44.919529489399466 72.03645108747875
62.72792131320796 3.4205692323895587
67.08572419118559 91.84793202317461
24.844804130239705 32.694665384642875
26.66953113861531 88.5179099993047
75.95616395686548 61.15658348642788
90.13382036985645 89.81401727898455
3.111461998190823 15.77003227860494
68.82841145513098 97.60146445164676
94.97379981122197 22.00957711885393
31.22250158653228 52.7723155257655
48.55301107707807 38.935717784124634
92.56042824349802 8.67078305512935
14.595543086809714 81.23968970701458
13.53940830410898 7.053038580150217
78.42738586350238 11.484817244513346
53.1428854857691 75.68309915324691
0.835037605457245 61.25374715151365
21.620130697504557 4.9607655332525535
46.77019208965264 89.46862471873483
42.34036939353159 90.5921269730547
50.75829740210014 33.91289061372371
18.24658972231741 68.26374353921653
20.038971873225776 93.424765821122
