53
78.34636143185169 20.926164088792188
26.970292197361278 32.508387668142234
77.68345681935406 18.499294735713722
17.835193855873 57.129278371091964
54.559377376423434 71.92553117278955
26.330692693841627 15.301439256532468
17.012687517132296 91.38170464460843
7.815545180509032 35.405271615987445
92.8242384600711 46.46848579877256
20.20518228951076 6.367143596771729
32.506717917521385 51.43116375472276
5.583368049332038 51.05257887445197
96.90181192473553 21.672242834493172
72.64716821395297 94.76336594676418
95.20244893083063 4.2355726363441875
74.95638008477015 59.618103295379264
17.74417960122583 91.79971827355624
83.19112739556331 65.21436605555454
60.71358937720055 37.67988465234242
80.50537400180536 61.464253088489365
2.058016046226685 44.65592930232077
42.857944061316566 91.42869913771345
22.4676183818176 92.92553220579863
27.775389529329995 55.85275470139462
11.43247205302269 93.50304403444835
58.15121885611948 18.294150594663495
33.04900201550032 77.24786515274528
84.8099037481804 26.201649428326125
38.857334189048856 37.35698154043644
65.8558834255117 59.22043142696063
4.818499919959896 15.429999060413202
36.19179742457613 95.78725766345892
41.49248364423085 27.055524876961123
45.94547231198226 30.38322199505513
78.15274650624646 39.37447677463213
25.574291567247165 2.554170988877258
98.12041084926855 81.40480925141684
19.136660906636504 68.7699369141507
16.997343878303795 19.54546599343582
51.19299437722754 38.96497357759259
20.931634870557104 62.189603594378916
86.98001990303749 84.52427227605284
30.65253593619107 48.73255237736052
93.08116415033038 71.4430098050778
42.2547322852012 5.270801481520726
24.036508666265032 69.02638649742383
14.944057589261083 9.251936902194657
28.29138697382415 21.51599619018647
45.32093200339482 86.67740172454032
72.7554885201664 67.09692117867708
7.472172537528621 26.26911801195756
42.749096386235394 0.26257240903568846
20.256056118814303 23.13250158539172
