70
23.124034386897897 91.85149189331835
32.178269609186096 39.75172595072402
78.75144084590619 78.91900464077715
11.24714562589112 50.62831500735139
28.9468311576622 54.6511764231965
77.33130786593301 32.404451999086746
75.83402299921764 91.3899965589507
83.6812595146191 34.148215240016185
63.92890100975826 18.963037830451178
16.228090563414476 0.6838794199689802
20.038479510953245 96.5895890369367
14.0858841323095 11.113846510441972
17.27543868749537 69.9783476168516
6.304577809405099 7.9277592876138225
43.11104597364108 46.40690022777393
68.12245734514406 68.81871597666968
61.569414192267956 53.34600984099707
49.88298328781099 22.183941458456545
28.15234727157453 59.060747870822006
99.6620604935523 48.1229669664701
29.73886565944325 46.2738152976631
21.574631249047783 33.75197660201523
92.44615131945567 73.27670221746885
87.79570487505836 95.6416629290639
49.9877249591989 29.688765096366676
31.6068325226466 64.81225021089062
9.900869940304569 99.76110405477175
7.708173247772887 40.96765839489657
16.163587757415787 11.962335133469127
34.596676227059774 8.961837236778802
87.56047572579669 73.2960356900048
33.38293400601551 32.00228984377035
95.46142771866045 93.876516483756
32.926425101705604 95.04057041098551
86.10359398441251 7.608595737515178
7.839619095091555 42.44376822926028
57.63663212063847 31.941969537066704
36.93567911090865 46.71088639510622
10.625465043820393 69.28548449796473
62.009487799652206 35.86356173747922
67.3887700154412 16.746624961436197
29.427767941106087 76.624016920499
15.67097869499159 88.85847726235352
38.6043905600842 47.75750576213489
25.295800475763752 21.84175701465403
55.18316087879358 63.71279826043067
80.04792898814402 95.82734864024704
63.52103676687415 47.08195178440611
34.60309058834091 57.40492636493625
33.48952730649355 16.48685904367131
19.4113670571298 9.992696232337261
30.555416678964363 45.609662356364375
90.40243431277582 68.62229181706209
27.332605462854332 78.90923847558983
70.06408074573609 58.4048541616222
87.26815802530486 51.38351543063797
78.51171936118007 6.849313998591333
43.99674304890845 95.29415446222416
84.96246560238436 49.159407739823536
38.53541185083642 98.01394276096991
43.040048825835306 69.12892926021212
23.685898422207952 87.75380486078151
98.73589307099951 96.5658618974522
54.25440966977704 45.173469966468026
62.59811321769732 72.47615863435888
38.0540152415222 87.32105039207474
16.152937676859157 35.57709743107246
51.318519030722165 62.27550296296799
87.64977078006474 99.76195194002958
32.4069850006834 97.25744559104697
