65
8.699815449433645 55.80497274330174
31.460885436983098 17.33622892554131
92.90232911532235 61.01654540485598
53.92613998521518 87.73266502620672
64.50898516313357 0.8468583376053496
46.40316115434454 70.20700465763599
86.2287239061895 54.05896814061608
69.64511390618014 46.518091074172844
19.30471158885354 5.205976657826339
72.65615137195705 24.331305938673076
47.03055404521955 5.535561002923273
1.9017360773288527 11.776886433189537
24.9126069707989 14.088835210764705
27.200942458285205 84.5907870956734
46.35526081155352 62.65633153178089
46.181862332135815 38.91087613979668
72.72089814166416 42.03889203217995
9.006917292686845 26.580192636729883
57.34188107171422 49.850819106231725
79.92973643736018 24.00173481322082
67.52501993102025 57.90726740881279
36.44033387035064 4.277450940636729
97.25996983374469 20.460760510890985
46.91370947863235 18.65025174012468
92.2878558078939 58.266249219153444
56.651550029152055 11.01933306736208
41.811861254532914 7.604553610839071
11.942018907033935 1.6244844533326308
7.410117452221144 14.634387607904875
76.58578382750166 94.37895665335492
67.54925051022778 62.907271708491166
8.28777538788178 41.60991069983201
16.39552551473068 43.986295981700444
29.963382863758923 62.96395687112598
21.45161987582331 47.98821200220908
7.4968966518763835 10.015258857458775
71.02664120468647 38.03505716356684
17.096126504384834 13.711780577624777
38.534136216344585 62.43926118105823
57.240539387694355 52.973276320164395
27.464109748046283 92.70375862479969
46.71573854753288 79.97510886057285
97.03344069634664 88.6028706777563
64.50111459479872 92.71827622165112
9.123983216351828 19.971797084246067
44.27011854426846 17.894160849791607
39.436299081420515 41.73209112067573
72.12550155107844 43.53126523910622
94.39459281591897 85.04170483694281
42.703514448205425 91.35792533116177
75.48520272101644 76.53912516919917
82.07831371468014 89.87594641933062
62.74886082813001 58.43592921323334
6.818367668490543 70.96307704675198
91.01535871014403 6.332664072393701
71.77785652132188 25.762972046243128
90.55819792015468 83.62987981621632
94.92677651203131 65.93972879122249
21.459125594733553 5.956296695842034
98.92353988027331 91.2221211237436
39.23841235249162 0.5040285597759375
68.97405979403355 67.83713820503723
17.59554088725124 42.199138343700305
63.309365207719736 14.248636224107248
34.592243399096276 16.49892710064528
