64
33.96071894000473 70.05541352535947
7.221520336734977 91.24662746254155
80.03261103976685 93.61133625063556
95.73792919578857 53.24512945668284
31.974563444122428 64.71836406722375
78.7998475696917 77.37173005376118
33.70203752459333 82.62933947375892
60.05414404463235 95.83264883901285
86.39858182386286 32.046502029631526
71.63438719381861 81.33886741136028
44.693214468573494 63.972249359343955
82.65091843830044 39.76441705212941
20.038766995354706 75.51309374916768
28.329662825853152 22.541487775025438
26.332663943620105 7.480183754762848
89.7942250588655 51.08255429604115
98.57230113805755 99.88798574591189
20.780841605919775 69.88758189869323
72.37944320387038 61.44157836550159
88.86390325656083 89.1094887922928
16.291718356095874 30.20398352847954
47.409435988728255 45.061497289221606
16.51523182241149 48.14919982329886
73.8097642083519 67.89725357163564
72.83562947780051 97.91479094261122
15.95585840564434 24.19880530641142
29.320051490754572 82.93316483647453
95.02227115058409 28.600166903133818
33.52566387654332 66.15915108244963
17.287818956143454 35.744275378195546
45.4439526460004 74.07237632360658
68.93298177203106 58.059640149641425
29.94178135740677 36.977164322339625
32.30702726000101 41.800399386345546
69.77807248944278 44.37741757241061
81.2325134166345 27.59865562084556
25.979532872175113 70.87023255083437
57.4720005820972 30.824099600239652
1.1743654291181072 52.73460954367943
78.8198398337624 52.74668306132722
6.6202067398870685 21.841997322522545
69.8104772742347 27.915737114270044
49.111453235425564 68.25734895013198
23.340785254052022 36.98428549021139
32.5889005685995 73.35789720627746
45.91119698103364 77.03592716938903
81.25109866417516 37.52005598217407
29.829761376875574 16.041263811992003
43.6201883886298 9.445461196587889
68.472955405613 34.56401875074335
41.4979869224592 45.594332548740354
70.35769586439613 88.33425352003454
22.3019664304694 88.44200897503055
2.7262984497314235 69.27066273966905
77.02826966507065 96.17071948637256
74.12445505105978 96.54098481278609
43.89372955980259 7.8424920707729
56.83189164677317 20.964117850098717
34.30725109600182 58.212245840836985
38.70430344386917 2.8378739051682977
95.32505861760096 65.75206344773943
29.842358428784987 61.60820269245514
86.3141312107836 16.509114537506008
11.80007740684922 87.36834040670983
