69
83.78323312577956 92.90479880345076
27.507450049907124 70.122836727556
83.01877313988615 64.02143259610257
31.47196857462502 76.38296420000039
1.046064284106163 12.846640290895506
41.88789325265433 10.352385622107175
79.54242481527824 8.062688257823469
8.375142851345775 88.52511995478145
85.97864262480866 45.44719226634222
1.06624724213652 83.31046831738254
33.633118092446914 67.90299311371045
41.24651183711211 28.110363618297495
67.63765417487497 12.671584480356257
88.58010503372049 53.0835031317511
85.7875694530019 23.365942594652
76.5734823848134 36.48135477037432
65.12648234103605 26.53147520413841
48.67127321482339 85.49936158774376
55.228894856480515 45.44175061302995
90.568149399437 72.79301006798057
48.97260733955978 32.18072944525227
40.41153876908808 35.207700713464995
42.42740497212332 21.244497112429382
1.5396055598265845 50.58413412435456
4.2908613892921 19.25181548082374
98.03125917079477 57.71022153367691
10.377558609890226 68.44608056183625
32.21982433322314 21.72717482977029
29.638557585441628 18.69296388684053
2.8188392586941724 50.43173875667601
53.630530824225765 19.483781383644207
65.4559274902438 48.289083293113876
73.83062828791115 63.899101146935465
5.557712293007633 11.632835715935009
81.93843159609922 81.86786775440127
19.161500877543936 59.23634106783773
62.20036739052448 74.16235124681258
27.57987006826369 90.68648926601169
27.749513443936248 65.43394465365135
10.166858724215311 33.6556301737577
45.03461679747892 0.9819803527684412
1.5969433262141841 93.69249557161554
13.540299487100194 54.093246171956686
42.50950268846291 63.14830187143744
32.126029023128645 15.236792954582745
51.67198988208291 19.971621328776813
40.682868945298935 73.58684456977468
45.609424902961 29.38280093966752
50.308866244926435 91.86829712472236
71.71687822228455 38.59663380400754
85.4547732328707 86.92617538286916
34.01201680078111 90.06885762125142
40.56530375571007 36.82783605806803
50.9733103556701 24.126244552450494
78.18474175818794 46.32048986083744
90.69625371026531 13.924952608983654
4.579787779682243 63.29168285257195
77.71636441464814 5.04477430579735
15.92093459617232 25.584545529909185
96.06636041952811 77.68540525837169
95.60814184361602 63.23198171611287
20.76786916922444 91.19951880128835
99.74147015754437 2.3714725830144334
79.16931194247584 60.099831787243964
18.550843304267662 7.997728764654921
65.34395588906267 88.0025369297347
78.52085554592448 97.64808003002624
1.0357575278262199 12.80271372248879
48.68698630329879 46.200278116689965
