78
94.22555634672692 71.38389354848526
55.03156525813214 95.61568622226908
75.79462658039404 20.272449636691192
78.8226838098051 38.47006871009705
38.00610317496255 90.23774523354089
8.49401272062268 80.62066574380738
26.670435225283263 17.445309237727148
94.8593775531834 47.573554835523225
0.27641341094072347 50.95221515864229
52.47463042324932 17.57965583845579
71.32751506280516 27.901225753896387
87.50475807594474 19.811393513909692
5.714108798000983 99.84394399633348
41.47639593479669 92.52997841978737
95.08878585315735 28.373694600649234
70.62201130001465 51.97006045036105
93.0781046217204 99.48151984619805
3.7744851108767685 23.86412047697536
20.69313034183481 86.05106314446635
93.25928079898483 68.169467283471
76.91408267921643 87.63216338046065
28.548104961169585 38.40631894137767
52.680730771504656 55.67800831376203
50.50549770819909 45.326556689547424
9.041454562259998 68.65928727351263
93.34790495086897 84.48957745173263
78.89125287905338 32.38776894258207
11.025729885678725 60.682225310700055
20.443262330604583 65.37205825009906
95.40457709678452 42.10527993436407
66.54359765484692 57.52541837503497
26.883019436719803 62.23601913088426
0.7710739219846996 33.929746593137025
21.358110240638993 25.788882210336727
69.01466815965522 47.50520169090136
34.05933953846082 74.16829304715404
67.87347597928293 10.244121167009911
6.81989846059583 48.13342569924101
81.32946726674602 56.39776504858883
89.28938745760624 36.502476359714834
18.96207794151512 36.91896751832476
66.04281773621862 92.77106137014815
31.649118550100475 11.11797970660281
36.92714224338361 93.57332843269126
61.75945084504644 99.23322902990881
90.1867814134771 63.26083059260979
7.451738990001655 55.3866958031649
34.78351552792726 58.79410815103974
30.744554814756864 37.70361631709934
16.951615071428538 92.30299336945289
2.827528542228386 33.393935430798415
62.266869641632816 19.974634118594913
51.550658720517774 59.33562463340037
10.695582902219291 43.11394152108622
80.63865914326918 7.125205685792569
80.93621441673172 48.768815624094245
77.32948659107652 62.123316388243744
3.936492953863069 75.41189825165957
42.436790864202734 2.4357071216601023
22.892122129648108 17.76232218476832
54.110590790341284 59.428917456145825
49.95838076557708 32.858964049883966
19.177931775881973 54.97291293143818
82.16495284779677 36.345017848352555
94.73214633546353 28.407686782197107
83.38620488595105 54.44836337769981
86.31543059597172 28.47639179055931
16.624820889173662 42.777312730533346
86.65389048558872 10.939497064291315
24.42386959003555 45.97798479443655
34.958458964556684 35.3632972333388
57.22572875361617 51.08671353354423
88.93807569615791 75.96311765414325
80.57468329102721 69.05191387736343
49.59423585197845 46.97511725634587
74.34828024383837 68.78412557556861
21.92618456872726 43.35386534767284
0.08901118973676514 97.5392730621382
