74
82.07394634051592 21.61197823392227
34.59518351340145 17.74766647972481
69.6315912206671 21.997678202873082
56.38510970926407 9.292230722497585
76.34607656327772 65.90180394914272
85.6657523526343 62.51939906928773
62.01777564600407 90.72462710387947
47.679206372184765 28.21351340845991
4.988462772509239 99.78166831213005
74.81220183936317 61.33562621754333
44.44200098419763 94.6460003522971
5.681167799086451 18.5318523489159
35.93585619435452 58.58280402618822
78.9265366020178 77.75808949504523
38.20029290537492 46.2909756028975
95.85464446618857 9.530827150603338
7.063072204159981 53.88943425534024
14.445920778424837 49.981062620854644
36.2307367604912 66.75909700389694
47.40703411908698 26.450887986795024
59.5359298435376 38.6734305709322
18.438390378161497 77.67454417286261
35.4918671453399 97.11033968042095
50.77760034993819 14.002093403790184
34.71177467798074 26.976878471175393
67.70943902412711 6.0012569023293665
12.942756497741959 42.67821418717407
73.76769363899047 31.0102614984064
59.82423164510363 41.72039553893784
3.3648249282338893 87.70007241300269
90.2780552141631 5.674536379881601
62.078434556638705 94.74120246777301
22.964036039670756 5.216855239196905
64.19587146770095 33.170107778470694
64.44836137949939 5.789404287189271
26.561166956565362 16.098131354663824
42.08160986953528 57.06407257879871
32.82358912413176 52.616724216141954
76.89196228806115 50.49223922561635
67.60819029982444 56.39016684468695
7.86444367486272 51.860928651847615
11.199330428915443 90.10160761219474
26.868131612505262 21.696281627124236
63.28331255030838 82.7162174269368
89.4441815499866 72.6837271759862
47.23121222840243 49.77845300235661
34.87756172364208 69.39866535633794
1.998697546124828 15.583448455487027
57.588961192397306 41.734146020793986
0.4043895900254446 79.47881989022191
60.93887881720212 14.981984182100415
22.459586019174292 54.01561633741777
40.95091206757998 31.332894109025766
83.11616869986248 45.55817434708946
45.86541666693263 81.80225083895513
85.85763899483739 66.05360028165343
48.25271764900313 58.20338945688883
62.37304345737885 88.9418500269279
2.368755227315189 40.70401006905367
93.59827668613103 86.14650311252335
95.39984712078265 54.09108010883325
87.7754050473847 74.63899985924263
10.999603046474583 12.468344681048748
83.49906799973937 63.33796193478063
62.2004458138108 99.96751930871282
75.7391822882861 88.22623608988366
7.708913252459881 22.883712194137463
98.68982789339745 8.047508615381949
59.708110984525966 60.32624255838199
82.7206800683987 12.152306914031596
16.56658235649945 10.306488412603954
42.99818856815472 12.790257002347616
60.413436072028446 70.2786931945576
86.30672240510026 76.25828295981798
