79
64.44752915767592 93.216543733098
85.8371254079584 68.42606490991905
70.37016269781185 55.04796757740038
30.08032830438473 57.65272015296765
28.63518109634847 34.98361653046567
15.423997098573539 86.52668039415046
62.94552295986918 52.27285022537177
30.9242014651116 73.47404676332636
48.350881762126505 49.304695961331426
18.16515126017576 28.66473967759806
71.46989837492465 76.66622427928156
72.94251616768949 40.86923902562292
16.553358530703278 74.41347739393865
41.745169749448664 36.81811816160232
55.17740687969056 4.862176144984942
55.07016524226419 93.27577438490061
55.66238126076185 90.59785576989253
93.48838103927251 84.69438309660096
97.33771285346803 87.4822189859153
11.996239181939794 55.29614794738821
39.14906006832963 87.5728706858507
68.93100238223546 30.626665712538813
23.944294839536408 50.99360016023948
21.019186267872104 62.96740556735797
19.997555809036793 99.20414950453305
90.37385903226168 75.42023350526192
69.24362331980015 48.02328471659071
39.06708181621374 47.88736654205523
17.404807586279414 24.166307456427628
50.6952891977793 97.07179938927429
66.92399762360714 82.61783326845382
91.85625892965673 78.82733715058924
85.78306816896837 29.41513131683954
44.90673063326784 14.948142768868756
95.37597389784152 59.03106405346169
13.215089544656244 16.916584365801
44.54772742399362 33.697542665740635
34.68343942963734 42.76768748127616
25.587283504216984 54.135619171178575
97.86158250509195 63.78102888933497
32.93769429480847 80.60456731186046
61.94826670961183 53.04860467288065
40.10441483693826 77.2543920769267
52.62676543542375 20.672957808099234
7.772495152787162 20.49633162163985
80.60791282962334 82.77371126072437
38.22785054514627 26.95445508131905
14.410675175903553 78.4770517061146
46.917243565325975 6.2670745336757205
2.6471022942558875 48.26426611145419
15.14733924580316 4.634578331058226
46.775814695559085 18.215310517962436
59.96448759966404 5.761084714741205
6.91448164137114 74.54851401246225
86.47918258082649 79.04179317898564
68.66851601487348 24.323720697280105
29.251980040758696 40.15135944377655
40.0991913703355 8.542901156583815
46.31498314332525 41.03416718152998
79.753028211559 16.358510589658582
42.82358512565089 4.821245773983374
70.40196652324506 14.149735774647487
9.161208012389 84.18753118233087
52.324615171460465 96.12245808569088
9.88634847484622 81.88195004662768
46.5286663426959 89.73807009777461
1.2948672428858998 6.381922820887976
79.50880019336903 12.696420309529744
38.51505391309388 8.917461527793824
23.1192296543975 34.74469449413533
26.544484037442295 84.30733012522761
70.0251774636963 16.09288389059349
21.837915916582528 53.087398354803014
87.15494570491512 97.69823679234598
41.826003909154444 11.837958144966032
9.23598871253044 90.84437091446279
31.13595259926023 25.010475931384356
26.542114951657926 43.81713281050141
95.00642408467877 13.705386932997666
