86
17.732239906753566 81.61595764011874
20.86450136149288 36.823689337586174
35.56087339704597 93.67738189371762
37.19655582528697 6.718572645772969
50.81830693622512 32.493174090680235
73.33124242402074 62.91243435681708
10.346171412417748 76.14160166890733
15.197852789054988 46.021172361389695
2.5144361902637358 4.026653193980545
67.0491557805593 55.32652282332846
64.60793581339144 47.39406300874417
95.75888758313224 31.212865019796755
37.00339906460027 19.25052277894651
84.6789989878695 75.69146985223851
3.893007523938019 47.61122350502948
53.27715816967803 21.133969649046847
49.219229155128964 3.5595230448694726
93.32501222340439 82.15323118572219
67.70614720943672 77.72354304999766
86.16251071997381 11.458548526982637
83.27573531656445 4.845485163922736
67.08368074128286 53.60314172811077
78.37847793324728 28.078857566585192
70.62268710219175 54.26180913995905
14.551917373730905 61.37916114548807
26.881184809022194 71.10224881236223
12.870811125641968 74.20766426696582
53.50024138014413 92.14967785568265
58.420167350492314 86.06872306219806
89.932701505099 29.07136683435435
31.778432230980446 39.42048577987893
27.697145902929154 69.61272509976547
67.81072971223534 14.020867483251031
25.606332684278467 93.61045883274495
61.25878618828187 83.92342941316437
81.41762920630913 71.29340315481987
27.143192580119667 25.78291677949617
76.74448871374877 7.518151587143807
56.21981825965929 85.95179000493548
89.5790151364433 97.57107836717915
95.86086982597473 92.1012056366311
99.06080705446438 78.23051341508548
29.939937052667297 50.23305173922268
40.16731118081792 50.97296798957805
59.70712091196519 92.46500246202909
85.62596910780582 82.64156233249129
57.71678687342327 84.68299044685381
54.15870642542936 40.913638977877795
21.02827288321818 8.577815837584858
61.647702541634175 95.84356498472843
48.89223626716838 17.99974853579176
53.662583602245185 65.70374984929823
29.861406305610082 83.56516966860407
89.47477604514378 93.56250048045234
84.70744547339952 57.272385266140056
49.53648352873227 9.719459397781282
12.308865368281573 40.34443368390457
81.3930135304197 70.7111791374343
23.631346622106886 31.30391793613676
94.90478091160249 43.73585868278571
80.0054784750791 12.006710416769206
59.00213230338755 59.97036049800401
33.374169605676954 79.4889675531107
35.18868541211806 95.68871371040288
97.17367027341443 34.123369583404326
25.76960736052749 73.11220793341715
75.63250661284494 87.27854228925386
71.8965626664147 19.21425650900047
4.459426024068458 71.01243196289477
46.238769707458026 13.045407982891621
24.766930492416805 3.9226760043984177
41.573606933342674 91.04006137794791
56.5064971952137 33.29075023092677
34.72461201754625 38.943748866624375
73.59751564643383 29.37838774541045
33.24319970936196 57.39306634921576
41.329988425961496 36.00502907901772
44.93879068627986 4.720812784952422
62.51772365801877 21.249476206861573
60.68808009507539 75.2047397335534
37.82991297447838 84.80658055090773
21.27291029396051 8.10761300000362
32.57987682908817 55.93792470145118
17.659560662060713 25.119399611779723
9.412085080532028 30.143876556123427
34.07534562742344 7.860526925536593
