91
88.46399217508235 65.85168301279028
73.69700530737387 35.969735128346336
20.73758934004637 96.97819097588494
85.20854320354556 29.61363809004918
14.118787402297716 24.366690788023515
95.14892606294086 65.16005652262457
34.565503726714866 86.32931110187134
2.0276371126144555 8.516218658460883
28.89031448523668 39.06046262540711
70.08897099426609 17.57435699600921
95.24889775363376 82.8675542780348
58.96894700792761 16.975932157437455
81.92079866210995 63.673889002967265
89.69275400331796 74.53553297973075
90.01817397453765 25.52427764204568
31.947032222335537 2.10015233483416
68.2662688512936 19.289530509324194
69.53483382294978 48.123318989553496
82.36313934150698 1.2822930710373104
79.75547952052638 10.26836406373739
21.73004709765458 33.2647039553628
99.52602661535684 37.2239890363837
27.578358715366292 34.040721334754394
73.28070199666811 19.66031345138205
40.10785536787631 20.9880394757189
44.003057671443 41.02372358365409
6.7938599727602185 69.37615919117638
56.70875825219331 45.437185591650056
57.71135272644884 25.824379945720054
95.85989651613367 20.020411147264927
4.692003538920808 18.663553523936137
62.551872223732595 87.72362800240363
5.341906726616818 70.5655599737578
6.706583647775033 11.40794847250305
18.97220624821764 17.733995705449136
76.788046604411 75.00337987095415
99.52824379828323 14.747012442341479
43.96270056677366 75.66849905030209
87.72794037917538 76.21370548180376
25.72115051064109 44.85230975923532
20.827693870469922 98.22133615800837
56.234939413942406 7.521574119534568
3.6122809875717588 25.97472394838717
15.23228058645426 88.73667743964825
74.92571621028577 91.48898319694216
62.19870939126416 9.725693337603737
41.01121264506637 82.87877654587972
81.79107213098975 3.0844482216349833
97.69891930437147 9.333147022633014
33.595061772532986 11.241271489609828
93.32383692643653 20.63754386450092
56.210420187252474 60.771340784638525
78.83543249597766 18.0506457728953
68.9310386246641 91.54950591956202
3.126626123712084 23.995084350729044
37.40284061852541 53.51233431367769
46.42865654360384 35.2287493919859
68.62692460794553 62.574469724900226
16.746747394148255 77.30719720694894
75.32675882361848 66.62096741277723
47.239698708139066 87.8327005517038
72.92264393938028 92.3234422895611
93.42489113654473 74.48379162284724
28.213692144932466 10.799224815432385
43.86862432729131 62.78788985255011
37.59437187706065 45.52971992265659
41.289473369901394 33.807520285318446
38.42633358842242 51.39465719140507
91.18240955807964 73.02598886582908
79.85190394900631 44.722910554058856
74.96729909936451 92.56955354687756
20.508401724203406 50.62739965732593
26.922821315915847 55.935731332450025
99.68140864325572 84.71381054516308
43.4942580747104 51.70383870760833
47.46020495461596 96.3258174411059
38.66515767453531 95.14033616637616
45.50902221282014 0.5477681405453572
7.261125175034378 69.44509674603647
43.837523516774766 87.15238628428061
80.96843648520452 16.756883727094362
87.85330756628292 92.48517457841834
13.917591648657835 17.247269043799175
31.479728376564807 8.611831106860436
98.19615816551523 2.95608223696765
51.232634974732285 90.94720598425559
88.67892025825803 91.28763822069597
85.25994839567757 54.9007374218249
87.49133210593197 89.76900017267972
43.993756913119064 6.830040313317132
77.34640579627805 23.5146078043218
