87
23.421095198709928 60.31146992495523
51.25240385788054 23.364634689602926
72.20302128231795 22.742468210792698
89.99252151366599 68.05886460359591
46.23509367816594 1.2538506209116784
46.626985709870496 49.39750195069824
71.55743184244146 2.0152489330787504
59.35176045616613 11.79991934861796
22.63220836132448 63.30786677590249
20.134800693424847 17.25058803676899
93.65579235372762 74.53641737943161
23.50180125794473 2.4712833189613925
89.3633763148127 37.3296843838734
82.7100070919211 17.597379827847647
34.447511653767904 99.21358614753649
21.53162278091032 1.7007894613954133
75.46632456726635 95.17170128878696
39.27674030848439 8.014823947439398
45.00849965741217 52.431302177540495
37.01892650210322 63.95537194710747
40.87156669986399 9.896336209235667
16.41646488380316 59.07827873408896
89.22524635255753 52.347727550558055
33.81528095460676 15.278109179974786
69.94404940936744 49.335102898666015
22.08996066684189 2.4732670948427127
27.375926830180873 75.90735928697447
21.327651316238992 77.25990621293136
7.987183792736651 54.55091539684217
17.294746913233016 0.547954356915914
51.307756967995886 88.79886290395677
55.69721490400617 5.394169310718333
15.958398848720323 40.358448920297484
81.8900936406207 87.80999340218474
54.5086031460044 67.57845985644238
41.12074273760169 84.3706363639437
17.32396522028168 22.05634442453025
92.88145753937388 51.410234492756544
12.749922230134448 4.4418587832262375
33.65852499034434 13.68234245509452
37.59532657894019 38.166204039694016
27.44219266862857 20.476918389517852
46.814787757778184 19.4634104925138
25.828953360112827 31.0373569031549
2.6436952661788693 47.135063216138064
85.12399048028063 75.107023168615
13.989246207589368 89.46720140404535
86.01392921596627 65.83667754551121
74.5435446226762 40.960096684398714
85.49779922746636 93.1316387374685
94.36730761297952 62.05268727329756
25.159040327322057 18.115696152215875
22.93424458277149 7.92635518567939
71.6688320580288 56.44475875268796
6.370901403265028 26.058520076189506
29.576734175357466 48.25843367865157
33.25737868539863 16.237277760698944
28.42048886362033 34.86190195326999
27.557067881654064 77.1624820825374
32.391280861451854 32.713099155345525
80.6269254594991 64.72552702774618
6.384168741326435 29.339855609922793
36.953716232722414 64.37123786381638
55.63456972911089 46.85189231325815
34.69020948648054 96.43801357920167
75.52602329833155 58.91978021457442
13.435352555563663 94.85890802707914
22.936984932489104 54.192229487307664
25.151908914646537 18.112383998029348
3.5694156371741337 6.987659435254601
58.00815483878624 80.89698545710485
57.199837170626 82.92427834750531
77.83619698153669 50.49310311421017
89.43919699364324 79.90142389792364
17.055249902634493 87.99228094211469
13.247222525806556 10.103993875111538
74.80096211516846 44.04361281881559
33.882560453531 70.52699265010398
20.338728662374393 21.428067999651745
56.111904563950176 34.036684442606244
80.81513029155367 98.34041819191233
83.70192704915944 48.642882974822065
50.24514551796023 90.51861291688553
21.323074148591704 64.64162732918435
33.61375091719009 99.54293892393731
62.163781387056005 15.11294913995168
14.758269478530783 91.76802050100152
