85
52.17104411356514 68.17688342632795
82.32131258896297 18.6605986166269
57.5044844212926 74.52932319100395
4.805243623501399 1.3965845571343616
39.284188579292355 66.75165094452143
96.45021607034798 28.809118911827248
19.670449712912543 48.89005502616332
55.26513762238111 68.65881663322565
76.01193515400736 40.78654309589985
54.53642609239567 28.5029172301306
99.34755277794143 73.49572108765341
43.66804242164244 90.90798602126972
53.33920297535648 53.99157552779392
30.409836217863184 70.15890862319878
43.45899131824503 34.97728008114497
33.87415683760452 21.5724712470049
3.737200372758964 91.03661708352315
8.038755883210879 98.23909296927894
19.272694640430622 83.4375099888404
31.71184363008377 64.51167790589098
67.3472966379837 67.7666978132873
2.8399584211322493 48.54918896388748
83.24521329807351 14.612333227227126
27.29688566088483 37.42647909975333
65.6753765011023 5.253836032036463
33.69936723228566 85.40715183693037
25.976631262754466 26.309999272148755
93.02517045206143 32.862841058234046
94.31396253490693 54.79482576678147
32.368087779822616 46.99852172799165
62.10344041848928 66.68762543057763
32.57330903041803 24.867967667603853
84.13977110908169 30.06619319907191
17.948959782028894 80.65118707755803
87.85794196879945 92.25488146791896
91.09275239252912 96.95895791193784
89.10634787861123 81.83428683529375
68.20939157878682 28.086530664421826
18.673489439156032 49.097108919109274
94.51358726057761 18.17350293022636
52.99906637009143 90.18326408877128
3.3621178875213653 1.6139001053077084
38.38807026764231 1.2033702029695892
63.662836233869754 13.572149348133655
86.21645413992519 50.78910098267675
57.29153270374433 65.13456370052346
30.697359625775277 63.149211390808055
4.535807983761964 73.18051577080816
39.272100338512615 97.13395088885656
60.84917511710945 90.9876997202702
43.8993885210531 65.15711018139164
67.84638842991532 49.87194423668077
11.259270881803452 19.65648112773871
11.925225366407732 69.2860892757996
21.807498355351264 26.191523958894514
53.694840580666146 21.85396865203795
38.68753555897955 15.552808079509173
12.43485306256421 4.5389419063801455
15.552116188915521 0.8223180034113597
70.7383799008739 53.31849647150469
93.92728168886259 19.13058032935403
29.132213673941344 37.17892498214616
42.878965531276656 22.81477849058068
0.7024500050501592 30.976174093305218
53.82748840912303 14.442427995056606
59.008713907326815 82.67735858375727
48.72657542653048 32.82819677376322
31.959602344251447 76.70087869075076
98.18177892645733 69.29930272705866
88.1215432286136 39.78906149824879
55.6489663505761 21.583496100834875
40.217416165432354 57.65347663883147
23.559741782395392 20.66258683512059
5.516559590974435 93.02588560354187
90.41433843014055 9.80020974329674
67.63957563373351 92.6389880367152
41.164858215171826 66.49784843719073
0.8417987415018424 82.86479654369292
80.96347822877813 35.79945412544675
82.36921864098461 78.6966501418817
7.720448190696394 91.90182651737372
85.4412894743614 80.44887476343298
0.6895786929578596 9.806483063128502
52.814423768384 53.87328884178517
61.4530901471574 68.89895002436283
