83
57.99746233081577 70.83999522066325
50.32228709529416 60.473260922495186
17.711616231806182 21.558856327254993
37.33649047199782 44.90210901461171
44.76647457679752 94.69412938319408
81.23699212591723 29.838610282103197
22.020723725897195 89.73010015622326
2.227518860681854 40.861623272573446
3.9707369130433157 53.34879231776522
56.79214034939175 77.11410898188343
60.92730597701067 88.91738331136341
95.78458008191207 30.781604957617205
24.360959668683325 17.36769553896089
18.079010764603353 93.42805102801671
87.7747802411416 75.43244781742374
51.23242079834793 98.10361791028762
77.60705484025102 16.358358274674988
62.61657450107041 49.859723866482575
16.97064337870312 40.600421509828564
1.4951949679189114 87.29910700141343
42.855811884407814 80.10233022592779
33.624824835117515 53.15975831030807
42.78376153240959 22.16166903964184
66.00506858820816 35.54030920767322
50.79474032733019 71.0890769598789
72.08284969775741 25.908712336857697
47.25889218571033 82.6528083369801
7.128249428438571 86.57561963376065
22.564814871177774 11.117396972734639
49.269716830213774 44.92615943854845
11.941431411280657 75.409906603247
26.90156325915446 35.41285851145367
78.74230810771904 41.653599896779895
14.124799646328977 82.58244933798605
54.616991979122034 31.719760149469757
89.87867154358177 31.6804012213885
61.731170283630874 29.816823433092164
0.43395720644433533 70.73964860874395
58.82969805762686 42.261527326747114
31.622996070464637 19.658440558202482
4.129826338351306 60.357226392117504
27.78600342217189 21.88114397739229
99.88231305868467 31.202023158027558
22.092312576614958 78.90178574883197
14.188492787881291 28.69457006231094
77.2189627146099 47.25812112662311
20.88020156878517 65.88368756542535
68.01739114376355 26.923739374872458
61.94876186006456 35.231193325362476
78.43498082874703 51.36569826935725
67.26554888494957 58.54426825936297
19.883720544061244 72.68312839948594
29.87160542578521 76.6663431714457
22.357228729396496 64.57030622234535
62.798443542870594 90.5995359635111
63.77770104538896 2.7729804110904754
98.84749947267245 19.73260968219033
45.506198898449554 68.24240734509054
5.091420707632421 56.94342589685253
73.5503803240037 51.0765738892024
85.92303417127418 16.23183252601543
95.00750156528424 33.2583889201754
44.65645001308395 45.79953466470113
99.47051625908959 8.090590221073112
88.07078015605076 27.457992747387706
36.88483832215441 91.898296995129
58.603050986168036 74.20793883659694
29.09415132920553 86.38476316316775
53.747931609759206 75.01806848601947
27.767042966804432 32.02716363328
24.07340509051874 53.67601007966323
29.224441961708447 43.28134268458048
57.43898440868874 64.23138417681146
59.91591549131243 33.18363674863303
68.70700098405248 87.83818664099711
56.013985812630715 10.086616186315212
35.95600227507685 19.94862721625823
60.81109685843257 18.82531721681884
94.23818589454473 96.33624619752452
17.694246196437824 47.349146757319524
55.90682556747145 81.14761273936452
69.99655796210482 69.35511214343855
45.04484124758289 6.274528965392467
