84
98.97442079713366 59.49910464712257
67.02329926388431 83.3410055191391
2.8397010395786793 44.32768660308205
69.16883787825606 42.359230444311535
18.74680250705335 31.914350776703102
37.29309318833748 90.90286739349273
27.261678011425328 65.9737139134148
4.490916480600415 92.03092135761935
69.00220799520082 6.855904906788934
2.1594391298039195 38.6527002971201
4.9850261163506 93.21541914866593
86.07972115983516 89.99817219109339
78.77748064467528 32.4042668806374
97.55101895041231 39.758384811140665
42.87454124109976 64.44304562435498
31.56992750065928 51.85814284326098
26.68733889749195 19.334103794347346
95.50916391656278 1.8978273584171368
64.98252401503873 33.525090909568576
41.137753027606664 71.05367241557482
8.857698370690947 80.379739726292
93.78204294521792 46.50092855152457
81.89323798373017 12.986433263399045
9.95923016214858 38.4736551716408
23.631926211362174 38.334095063076305
17.17482034852138 67.09519346379444
64.51282624330995 28.699874456266816
32.280437175546574 11.040557216901304
38.69786202997383 69.23810905063817
70.38566316464839 52.56127582711952
80.20066654018733 52.7810499342928
57.428228625544044 23.252885491112195
94.77368234630411 51.92463080832533
19.211688020215057 1.9096148157419002
73.07216921058823 37.077716226151814
34.32054834137352 44.38769258250819
24.600202217988233 73.18814082090547
79.54735903991359 85.23100515493097
55.07923317538875 3.571042014865222
0.420940260882674 4.600095179392993
60.17498705773728 30.53909965301359
42.21634486702202 95.14451727667172
25.69020206333381 99.7775113703155
61.63917195881443 1.8273770741928819
66.97014437749611 59.371441014241896
84.48633499536322 94.07232550006628
84.80895581742624 4.199177297705681
7.797778833542058 10.735934719232077
35.23037619839736 51.067786404545565
2.2278769795137765 42.15383068201586
81.25138067888834 62.94100974661551
37.76199758981967 25.576601290933574
65.39903775507582 42.19916910337519
67.40012287247319 13.836358971444007
70.58098773379169 11.22543454896613
96.42594559338471 37.69511090344655
65.53520500454536 89.00322311080893
97.35273130129099 27.987920399364175
23.928217124841655 76.35189342560247
33.53334445599615 54.65469901547376
30.336197868585913 32.99884915495779
67.000430534495 10.649017495017333
16.5349132778873 93.1102605585542
51.173779604519275 27.115770280714035
78.25548239707513 24.131670517862737
14.953939582773723 49.09674796786542
60.78422690008766 55.71389355503798
7.6002957890504375 8.389759852044854
26.257892647730397 14.961799955140155
28.636781583274118 50.043970561301485
75.08336520976144 64.71056190288934
58.896815821283525 36.39979648291348
94.40219087347508 29.95140568113549
53.382569338193605 35.89500113836653
30.982875004160583 63.60610083419258
61.30461198393294 40.43703835743153
55.859981433756886 47.18566074096925
76.22404740470932 35.17374348435145
31.01721043053679 56.87879423609799
24.724958568484247 28.437570432127103
36.976511174887825 27.902503611686914
11.17611948527577 97.44523048744922
34.836055653182505 61.62023138785908
55.17120014900105 97.21435965799529
