88
20.037220622752994 88.34342648093418
89.77938066260401 68.47047256419168
60.912319001884285 42.753512689415196
76.23961725244216 20.15218162147372
56.275681675349595 52.8601772476355
39.467881515573644 29.78306672046358
26.185758463140264 43.617494294311555
29.010827477976918 65.06426079793235
77.47675341867162 22.474655576551108
19.394623678987777 14.350549132209212
25.991695243024026 83.90710906735713
32.539643391955494 81.72014738551437
44.382344639832084 75.20635732795117
65.84085649949716 52.64633799984508
72.37279231724789 48.30797286782133
2.528710314627336 13.75598001738899
6.183266990979275 39.10006342956518
48.29749599677697 97.79751388332765
91.94195299584563 11.95742694069275
9.973871757049091 48.708821219798146
22.218328797535627 76.91568050998602
41.452440686893986 35.05523398084661
45.005518118291334 71.99694123147864
6.532640219323193 98.87852080421385
85.49610838756561 63.41058195251799
44.43586193033926 71.5518913488974
79.7139959740131 23.946198649119587
39.23420109151843 66.30121967293364
9.660377496157713 23.321193784437522
83.40501992901159 62.40038878681289
97.73231341694849 58.891098505628136
73.45305432865541 22.975834995908183
49.37328784106636 36.15809947126333
40.818097311292846 66.75055151000383
53.77453223356245 82.4047564644046
56.053923637612215 95.6711260862374
65.7277410364766 34.52233168260656
10.192664823955877 66.21286400718617
29.439605457209318 3.261209593897463
60.09210262355982 79.55495312541768
40.110253765500005 15.98123031586386
45.33587327360389 79.13364570411233
65.082093703389 56.874314217519995
30.105992750676524 55.01156802616451
8.822554364376757 27.128095085767722
32.374930852547394 86.52921387151073
81.25141509377369 50.23219757876372
20.91059155959397 84.20983624257319
0.4213538334195688 3.145457580973543
43.103970594959065 29.905774165200505
32.30611248537672 29.042757735444546
58.61206949059735 93.32353783749508
69.7751836657949 30.039486090751964
82.09294202756931 58.48438232061844
78.96502036136468 64.1964519569125
67.3632868367228 25.5649853468091
9.540759336946781 34.91999023343243
77.86591224560947 1.5881522595237785
2.2004459227409345 44.37217945321572
66.08000479893525 11.191681284147592
51.75631206452264 63.112961493849674
13.13977805611879 66.99879662239951
55.75110361909304 73.18451057627719
15.381613902993664 98.67607461162976
97.73849728973289 36.03680277127438
15.981724557674148 58.36459028370823
4.142607456723535 64.54289137018027
45.31531170462312 36.98443580224705
11.767168463464738 90.31303031655897
19.79788634292313 3.8705004296282985
61.154107540905535 8.46103541670784
86.69765821147311 40.9599406295977
94.78205601091312 91.77433042150452
87.87153672987921 54.34632174432355
13.537423575009267 41.39819014929671
18.659600477425155 23.65968340373097
5.024290670968934 15.372061177957253
55.4446506289359 8.669503804671452
35.953608191583086 98.86438110710695
62.34161048923745 86.57786146240156
22.46281127876696 99.7305967343481
93.65882010978567 86.52609433599724
62.728260659946734 24.106101915491617
93.36512906412227 9.314218886928394
97.86523056140234 4.973611748139906
31.32796670182939 71.50413325410373
69.36551966429631 32.77175451622804
78.48688357265935 58.74397221021326
