92
98.16689592573496 76.44579614121061
38.95047986752742 38.22214088858777
20.44271503491374 60.97267863761455
69.85300803062114 66.37264700935343
64.62737789736438 27.397107946822896
89.86978062547308 67.51985587709798
53.78180208015667 78.59939103171084
14.69434400963876 51.74786109365701
44.074057935748456 5.551239232178884
50.984940900742046 80.03929303965278
44.52833946638781 93.82730628950289
7.959478715021451 55.11339909748203
78.75626529357301 28.242793409094958
78.71880217260751 60.58875156588343
93.61972406183173 54.618826578560295
48.25629143614017 27.256312868183073
14.289811619115255 56.59909751766472
33.62485986792888 38.15595818627393
77.24668608281023 13.843406930579649
23.687479827340585 5.914615348689878
83.35835031933361 40.90938258324651
20.3363786144099 5.540550983311299
78.51477183114731 47.59234874561537
86.6641637031593 15.41535402290407
61.69749220041846 90.18273841509034
45.57364269878287 14.12762876676733
74.94352593427936 35.35755071132974
96.27015297974624 75.12004867358989
30.8793625748914 96.66304977555217
51.634147748370594 15.557848861406642
46.5660076918575 53.905067459675514
47.022420255313435 67.51996621908147
14.871529284635198 44.718823872598826
12.89536301684503 58.855407138113
76.24626064292063 11.499746843088532
2.463616828563542 94.60164334772001
35.39834365819088 36.89623078002355
44.23121456292848 80.37461140528747
80.12477382699419 81.0183969471988
65.08341118370343 63.89808837409877
22.779880177747103 87.11668800681757
73.62964078842516 47.565874821927586
13.394653632986063 73.89048973059388
10.934574847007038 86.02491871605545
50.65369389743887 64.57843786756284
11.124997771823375 2.380959784412562
42.903589019551845 66.12919368074152
29.00495497058182 68.03898390789948
79.97355064379313 42.262593526285364
3.2984676444455463 83.55882354071744
96.07247083583111 45.62148790628324
83.01448648068866 45.55706883666356
16.671231273389743 82.30882740288705
4.21226777806022 10.45100435779539
94.11162151080832 14.839393973963666
32.08406233207225 11.366336618904615
22.700007959487365 14.868878748976188
9.554570075385193 9.60492762043711
17.772979829251724 98.84210542003503
55.178260456795826 84.32444921853775
63.03521834538783 93.66124858654882
3.7969591651111134 93.02698777004707
12.78594049481857 58.83920828004978
17.212644434227652 81.28823573142078
61.97083430513275 99.4784619556628
4.7355507976616025 89.05926256968864
91.32350140552822 33.65972545447041
72.14173230418469 20.766009690985832
91.58201880112358 78.56248303412455
73.71662864586618 48.058899615664586
29.770053653533722 15.242993944849648
13.590807325895815 57.3708332294405
43.65745545058649 11.320552478004931
10.982542934076967 90.27455668601158
50.21012724635986 3.379755672645368
82.28595810953927 36.713131862655445
13.238821277824043 54.081692791898305
68.1143652654179 77.27791649740654
74.79968101350781 74.01632448578206
12.03107990822102 54.66522170427977
85.46283016864416 0.5814362872946011
11.944570295759316 62.52075933981084
51.9798643139867 22.885341854433637
76.90110699002534 99.77808585849817
88.1069230634639 30.96181232041435
70.70175392707434 76.84261183888972
70.02907039821619 45.36895981525658
86.97719455566771 82.16498460947689
1.0830084639765314 70.18512909013775
46.495574266476595 79.26263215900916
38.510887255197545 49.10587230103446
90.84604089476184 87.51404015668128
