97
48.58563869329947 62.97151113489503
79.411506808052 90.07349501880464
33.16659782927205 26.751520869686342
37.50581594103086 40.34235763773351
49.30278036138819 87.61920468533883
48.55110059130895 74.44878850861507
46.29340524578362 50.20328492828712
99.05842991698859 69.94020488285749
20.583545233866353 6.848794100827105
77.76199281647793 86.73776811787639
64.56286869375973 21.804138534194884
67.88252121180008 50.01291970718241
13.613954000318918 29.08755213443548
66.82074421117565 32.25387599976628
7.311856585001141 71.69756264841388
65.19301499575634 57.77712445724491
92.17975710275118 60.26101801248477
88.81416628800248 5.778926510460913
8.578295332483886 75.3656541813754
28.374566926082643 17.532079113396293
31.1580112004052 48.593236586480245
64.05310520063027 47.49985460223938
84.80446758972498 92.03001112195275
67.26693605225176 35.92072296202542
31.538072126608686 65.76744757681259
42.01329562883882 98.8492843269039
1.5809178058478257 84.31185368023638
1.4763698257815538 1.772638467073584
94.57182142248048 12.65649821876018
74.7335252200946 72.17400844328347
68.81359551475813 51.18244600132756
89.79075613091858 3.7664432273353143
20.180483172099215 67.47100220628772
83.73740612021689 67.56820833196574
60.83536134664944 21.82722569434391
22.145817442173943 68.69883180015547
75.6109218146448 49.89729472951662
61.222289523124516 4.646407238570005
60.21080019387149 60.65358235020489
75.71470628151509 84.36124591614316
27.80509545692802 55.834804167706345
62.19779211555934 10.868238645066597
80.9331261034095 53.027963509509945
98.0520898342054 35.926010647680194
12.63124859989736 82.36042243676708
75.54707881288876 24.226103021560352
39.29496759183755 95.03508589223243
81.44585095243933 26.27141060286542
0.5698595541933749 33.152810613982965
65.4860774473585 65.35890901449017
17.975747824283683 44.18976795591445
65.32368145164637 20.152999800023053
65.40413335414384 1.2463845574597787
8.295265200747082 44.68428814228265
84.17619562767452 74.66626360449311
3.5404525673506493 52.394862102219264
88.83843605641188 23.908262859548792
68.85421961058795 88.08628718871529
61.26524770584639 40.2039378985385
72.00806076750898 58.22320730015659
69.23872265918052 89.7545839146145
30.066352276428088 75.44016447504569
32.50309844630339 82.93987252569978
65.16642116092117 21.990804731647472
6.833336946950064 97.85190887452956
24.843223703185068 43.49680436804035
63.71794993180543 3.931702598143616
53.25189602207479 76.63117046884058
51.51532907376992 91.94586602009129
37.68595604497178 37.00600046673183
43.34156056637249 79.80408539770887
39.519788796927834 26.120567425228625
14.083617903464852 49.42559403070006
29.85637203027407 2.6986425640728173
76.08403542191022 53.5767974261936
11.116117098723045 2.184820254141595
9.300449901596398 0.6580974954426666
72.07134729615542 17.490878758472817
48.753695835870225 3.0672652332186745
65.14092991541924 40.57377903797593
50.37730152217764 45.28553903535758
30.88494117404572 5.948816879491026
8.335349964756167 13.287081205014017
35.32292806309242 85.16301834982735
96.27444797299968 60.05392931105193
24.202688268934224 31.19942045792846
68.17637535677393 17.563807320682624
29.854506309675532 28.402206576576628
88.0635030750967 11.607146645654575
68.14296220770107 13.617153606761756
94.4913946273662 38.47597430239526
61.399997793820994 94.87695405259127
61.89796802768554 17.32354157573852
74.88662577628857 40.20340979779217
2.4733660496278453 63.41572928263698
74.68367433426836 38.50375715290936
14.431564042023904 21.205763196009354
