95
91.36987296498202 5.04896687577231
43.43295170734436 33.62470790052642
67.51766681270841 39.05185798548322
98.76616916024649 42.27644775058634
21.918767729194933 61.32307713865234
46.85396384837506 89.9381902966288
85.8771752128676 84.1809933043568
29.846298412179053 3.1797297993660156
88.59054563185377 56.62610532100613
53.28103918293036 19.925458516090522
10.74838849581463 31.65664919053375
4.534666338514226 82.12451650351048
48.1752871969247 54.092878423292554
94.08250566278089 94.0132804835027
31.880079151818443 74.1487222534407
44.56167291995453 86.13463659491953
3.9663108779109613 65.29342825375501
76.3319983692518 60.82217584157069
75.9011245575377 96.53306440739459
15.769913122252577 26.944788712547485
23.717216633390905 41.15817336454182
55.13099158361873 71.96048236326578
94.73393131668163 5.662124462631956
82.79969940728769 2.653402962744944
86.50684588227985 30.82566472472914
26.455375535921533 71.6385306257451
73.57819867944127 25.501960421361925
52.394001741227655 67.37289067905078
69.74718319909577 21.689255723466527
62.063436074185255 23.069155406920373
81.46659922723354 12.721306215314021
73.90986567713671 36.18508392223646
50.81329137845789 29.837370026971442
60.73654901791765 59.3800870097227
50.58983825333089 5.064725617746346
69.1723858314735 79.35553147847861
18.42922868164201 23.668787542073733
51.53114292244319 35.83554127496742
3.364041894283032 49.09290904667035
39.86714079724002 10.571072673438731
74.87120264556269 83.92825891393798
15.101837142100615 57.95816176343976
34.54218833423411 78.58573515729269
84.30501511266975 87.59961244035041
66.95208186761182 60.91660909581871
11.978702705352163 44.684563109085175
22.044857934452878 86.53326761328871
16.845149333315344 54.35124441283127
69.48797979635025 98.70057083454277
70.80925171332458 17.41204104749522
99.25574057794834 78.46230504122384
75.50530819049015 91.87812351167084
69.58097823665521 52.654421453221175
4.870241421352716 66.61174793592565
51.78721209532714 82.84570561395965
42.384748382793944 80.72663744686382
43.17264649161162 1.5488621486663745
12.003170891784743 19.100093197813372
87.02496834115645 87.9115755497855
16.02553474981978 63.802650973717654
17.714718387588345 4.443862720385605
5.16885846009838 38.840114060604606
41.36122785141444 48.52496190824965
95.86251969962608 10.004160804461259
15.388665899179765 22.86998124954166
72.36934635178807 45.78628476242004
31.8025739211912 64.94635797984999
3.4552437500159683 60.69667375790871
86.89240732226324 78.66053562206294
57.412783083153066 96.79278093937432
34.87573042084298 70.78502963837742
88.97056098859608 69.63356086404373
95.37125604443281 81.36333074694323
14.093989622214021 47.87858884092604
54.5174215902619 52.351157865867336
89.00121085538466 65.67046991254766
68.79248291207375 41.306183139679455
44.81059013380006 66.5839965999197
1.3286845665916425 63.470058235979224
44.82631665419932 21.19684158601054
91.14313473335254 1.53974481656306
49.3382493636865 57.513627176813586
21.035385321844892 7.808744938471079
88.29607353380064 62.45224364201155
41.64318717173507 81.17890006860401
48.64089686784331 57.58096852055174
3.4723629421481106 28.308656632959107
42.26140834109591 53.96684449505999
73.07821679797432 10.133134971998626
35.78893508458529 22.647068496763513
24.23009949664032 9.607960496689383
86.32102702353441 51.55912022529553
82.88606404951462 84.9038393872794
29.322091185052567 40.02041290786863
45.624714860186025 73.46655557669959
